R is about to run

R version 3.6.1 (2019-07-05) -- "Action of the Toes"
Copyright (C) 2019 The R Foundation for Statistical Computing
Platform: x86_64-conda_cos6-linux-gnu (64-bit)

R is free software and comes with ABSOLUTELY NO WARRANTY.
You are welcome to redistribute it under certain conditions.
Type 'license()' or 'licence()' for distribution details.

  Natural language support but running in an English locale

R is a collaborative project with many contributors.
Type 'contributors()' for more information and
'citation()' on how to cite R or R packages in publications.

Type 'demo()' for some demos, 'help()' for on-line help, or
'help.start()' for an HTML browser interface to help.
Type 'q()' to quit R.

> # CMEE 2019 HPC excercises R code HPC run code proforma
> # Amy Solman amy.solman19@imperial.ac.uk
> # 28th November 2019
> # question18.R
> 
> rm(list=ls())
> graphics.off()
> 
> #Load all the functions you need by sourcing your main R fail
> source("asolman_HPC_2019_main.R")
> 
> #Read in the job number from the cluster. To do this your code should include a new variable iter
> #and should start with the line:
> iter <- as.numeric(Sys.getenv("PBS_ARRAY_INDEX")) #will not work on local machine, instead set iter for yourself
> 
> #iter <- 5
> 
> i = iter
> 
> set.seed(i) 
> 
> # if (iter <= 25) {
> #   size = 500
> # } else {
> #   if (iter <= 50)
> #     size = 1000
> # } else {
> #   if (iter <= 75)
> #     size = 2500
> # } else {
> #   if (iter <= 100)
> #     size = 5000
> # }
> 
> sizevect <- c(500, 1000, 2500, 5000) #more efficient version of the above
> size = sizevect[(iter %% 4) + 1]
> 
> output_file_name = paste0("simulation_",i,".rda") 
> 
> cluster_run(speciation_rate = 0.005043, size = size, wall_time = 10, interval_rich = 1, interval_oct = size/10, 
+             burn_in_generations = 8*size, output_file_name = output_file_name)
   [1] 1 1 1 1 1 1 1 1 1 1 1 1 1 1 1 1 1 1 1 1 1 1 1 1 1 1 1 1 1 1 1 1 1 1 1 1 1
  [38] 1 1 1 1 1 1 1 1 1 1 1 1 1 1 1 1 1 1 1 1 1 1 1 1 1 1 1 1 1 1 1 1 1 1 1 1 1
  [75] 1 1 1 1 1 1 1 1 1 1 1 1 1 1 1 1 1 1 1 1 1 1 1 1 1 1 1 1 1 1 1 1 1 1 1 1 1
 [112] 1 1 1 1 1 1 1 1 1 1 1 1 1 1 1 1 1 1 1 1 1 1 1 1 1 1 1 1 1 1 1 1 1 1 1 1 1
 [149] 1 1 1 1 1 1 1 1 1 1 1 1 1 1 1 1 1 1 1 1 1 1 1 1 1 1 1 1 1 1 1 1 1 1 1 1 1
 [186] 1 1 1 1 1 1 1 1 1 1 1 1 1 1 1 1 1 1 1 1 1 1 1 1 1 1 1 1 1 1 1 1 1 1 1 1 1
 [223] 1 1 1 1 1 1 1 1 1 1 1 1 1 1 1 1 1 1 1 1 1 1 1 1 1 1 1 1 1 1 1 1 1 1 1 1 1
 [260] 1 1 1 1 1 1 1 1 1 1 1 1 1 1 1 1 1 1 1 1 1 1 1 1 1 1 1 1 1 1 1 1 1 1 1 1 1
 [297] 1 1 1 1 1 1 1 1 1 1 1 1 1 1 1 1 1 1 1 1 1 1 1 1 1 1 1 1 1 1 1 1 1 1 1 1 1
 [334] 1 1 1 1 1 1 1 1 1 1 1 1 1 1 1 1 1 1 1 1 1 1 1 1 1 1 1 1 1 1 1 1 1 1 1 1 1
 [371] 1 1 1 1 1 1 1 1 1 1 1 1 1 1 1 1 1 1 1 1 1 1 1 1 1 1 1 1 1 1 1 1 1 1 1 1 1
 [408] 1 1 1 1 1 1 1 1 1 1 1 1 1 1 1 1 1 1 1 1 1 1 1 1 1 1 1 1 1 1 1 1 1 1 1 1 1
 [445] 1 1 1 1 1 1 1 1 1 1 1 1 1 1 1 1 1 1 1 1 1 1 1 1 1 1 1 1 1 1 1 1 1 1 1 1 1
 [482] 1 1 1 1 1 1 1 1 1 1 1 1 1 1 1 1 1 1 1 1 1 1 1 1 1 1 1 1 1 1 1 1 1 1 1 1 1
 [519] 1 1 1 1 1 1 1 1 1 1 1 1 1 1 1 1 1 1 1 1 1 1 1 1 1 1 1 1 1 1 1 1 1 1 1 1 1
 [556] 1 1 1 1 1 1 1 1 1 1 1 1 1 1 1 1 1 1 1 1 1 1 1 1 1 1 1 1 1 1 1 1 1 1 1 1 1
 [593] 1 1 1 1 1 1 1 1 1 1 1 1 1 1 1 1 1 1 1 1 1 1 1 1 1 1 1 1 1 1 1 1 1 1 1 1 1
 [630] 1 1 1 1 1 1 1 1 1 1 1 1 1 1 1 1 1 1 1 1 1 1 1 1 1 1 1 1 1 1 1 1 1 1 1 1 1
 [667] 1 1 1 1 1 1 1 1 1 1 1 1 1 1 1 1 1 1 1 1 1 1 1 1 1 1 1 1 1 1 1 1 1 1 1 1 1
 [704] 1 1 1 1 1 1 1 1 1 1 1 1 1 1 1 1 1 1 1 1 1 1 1 1 1 1 1 1 1 1 1 1 1 1 1 1 1
 [741] 1 1 1 1 1 1 1 1 1 1 1 1 1 1 1 1 1 1 1 1 1 1 1 1 1 1 1 1 1 1 1 1 1 1 1 1 1
 [778] 1 1 1 1 1 1 1 1 1 1 1 1 1 1 1 1 1 1 1 1 1 1 1 1 1 1 1 1 1 1 1 1 1 1 1 1 1
 [815] 1 1 1 1 1 1 1 1 1 1 1 1 1 1 1 1 1 1 1 1 1 1 1 1 1 1 1 1 1 1 1 1 1 1 1 1 1
 [852] 1 1 1 1 1 1 1 1 1 1 1 1 1 1 1 1 1 1 1 1 1 1 1 1 1 1 1 1 1 1 1 1 1 1 1 1 1
 [889] 1 1 1 1 1 1 1 1 1 1 1 1 1 1 1 1 1 1 1 1 1 1 1 1 1 1 1 1 1 1 1 1 1 1 1 1 1
 [926] 1 1 1 1 1 1 1 1 1 1 1 1 1 1 1 1 1 1 1 1 1 1 1 1 1 1 1 1 1 1 1 1 1 1 1 1 1
 [963] 1 1 1 1 1 1 1 1 1 1 1 1 1 1 1 1 1 1 1 1 1 1 1 1 1 1 1 1 1 1 1 1 1 1 1 1 1
[1000] 1 1 1 1 1 1 1 1 1 1 1 1 1 1 1 1 1 1 1 1 1 1 1 1 1 1 1 1 1 1 1 1 1 1 1 1 1
[1037] 1 1 1 1 1 1 1 1 1 1 1 1 1 1 1 1 1 1 1 1 1 1 1 1 1 1 1 1 1 1 1 1 1 1 1 1 1
[1074] 1 1 1 1 1 1 1 1 1 1 1 1 1 1 1 1 1 1 1 1 1 1 1 1 1 1 1 1 1 1 1 1 1 1 1 1 1
[1111] 1 1 1 1 1 1 1 1 1 1 1 1 1 1 1 1 1 1 1 1 1 1 1 1 1 1 1 1 1 1 1 1 1 1 1 1 1
[1148] 1 1 1 1 1 1 1 1 1 1 1 1 1 1 1 1 1 1 1 1 1 1 1 1 1 1 1 1 1 1 1 1 1 1 1 1 1
[1185] 1 1 1 1 1 1 1 1 1 1 1 1 1 1 1 1 1 1 1 1 1 1 1 1 1 1 1 1 1 1 1 1 1 1 1 1 1
[1222] 1 1 1 1 1 1 1 1 1 1 1 1 1 1 1 1 1 1 1 1 1 1 1 1 1 1 1 1 1 1 1 1 1 1 1 1 1
[1259] 1 1 1 1 1 1 1 1 1 1 1 1 1 1 1 1 1 1 1 1 1 1 1 1 1 1 1 1 1 1 1 1 1 1 1 1 1
[1296] 1 1 1 1 1 1 1 1 1 1 1 1 1 1 1 1 1 1 1 1 1 1 1 1 1 1 1 1 1 1 1 1 1 1 1 1 1
[1333] 1 1 1 1 1 1 1 1 1 1 1 1 1 1 1 1 1 1 1 1 1 1 1 1 1 1 1 1 1 1 1 1 1 1 1 1 1
[1370] 1 1 1 1 1 1 1 1 1 1 1 1 1 1 1 1 1 1 1 1 1 1 1 1 1 1 1 1 1 1 1 1 1 1 1 1 1
[1407] 1 1 1 1 1 1 1 1 1 1 1 1 1 1 1 1 1 1 1 1 1 1 1 1 1 1 1 1 1 1 1 1 1 1 1 1 1
[1444] 1 1 1 1 1 1 1 1 1 1 1 1 1 1 1 1 1 1 1 1 1 1 1 1 1 1 1 1 1 1 1 1 1 1 1 1 1
[1481] 1 1 1 1 1 1 1 1 1 1 1 1 1 1 1 1 1 1 1 1 1 1 1 1 1 1 1 1 1 1 1 1 1 1 1 1 1
[1518] 1 1 1 1 1 1 1 1 1 1 1 1 1 1 1 1 1 1 1 1 1 1 1 1 1 1 1 1 1 1 1 1 1 1 1 1 1
[1555] 1 1 1 1 1 1 1 1 1 1 1 1 1 1 1 1 1 1 1 1 1 1 1 1 1 1 1 1 1 1 1 1 1 1 1 1 1
[1592] 1 1 1 1 1 1 1 1 1 1 1 1 1 1 1 1 1 1 1 1 1 1 1 1 1 1 1 1 1 1 1 1 1 1 1 1 1
[1629] 1 1 1 1 1 1 1 1 1 1 1 1 1 1 1 1 1 1 1 1 1 1 1 1 1 1 1 1 1 1 1 1 1 1 1 1 1
[1666] 1 1 1 1 1 1 1 1 1 1 1 1 1 1 1 1 1 1 1 1 1 1 1 1 1 1 1 1 1 1 1 1 1 1 1 1 1
[1703] 1 1 1 1 1 1 1 1 1 1 1 1 1 1 1 1 1 1 1 1 1 1 1 1 1 1 1 1 1 1 1 1 1 1 1 1 1
[1740] 1 1 1 1 1 1 1 1 1 1 1 1 1 1 1 1 1 1 1 1 1 1 1 1 1 1 1 1 1 1 1 1 1 1 1 1 1
[1777] 1 1 1 1 1 1 1 1 1 1 1 1 1 1 1 1 1 1 1 1 1 1 1 1 1 1 1 1 1 1 1 1 1 1 1 1 1
[1814] 1 1 1 1 1 1 1 1 1 1 1 1 1 1 1 1 1 1 1 1 1 1 1 1 1 1 1 1 1 1 1 1 1 1 1 1 1
[1851] 1 1 1 1 1 1 1 1 1 1 1 1 1 1 1 1 1 1 1 1 1 1 1 1 1 1 1 1 1 1 1 1 1 1 1 1 1
[1888] 1 1 1 1 1 1 1 1 1 1 1 1 1 1 1 1 1 1 1 1 1 1 1 1 1 1 1 1 1 1 1 1 1 1 1 1 1
[1925] 1 1 1 1 1 1 1 1 1 1 1 1 1 1 1 1 1 1 1 1 1 1 1 1 1 1 1 1 1 1 1 1 1 1 1 1 1
[1962] 1 1 1 1 1 1 1 1 1 1 1 1 1 1 1 1 1 1 1 1 1 1 1 1 1 1 1 1 1 1 1 1 1 1 1 1 1
[1999] 1 1 1 1 1 1 1 1 1 1 1 1 1 1 1 1 1 1 1 1 1 1 1 1 1 1 1 1 1 1 1 1 1 1 1 1 1
[2036] 1 1 1 1 1 1 1 1 1 1 1 1 1 1 1 1 1 1 1 1 1 1 1 1 1 1 1 1 1 1 1 1 1 1 1 1 1
[2073] 1 1 1 1 1 1 1 1 1 1 1 1 1 1 1 1 1 1 1 1 1 1 1 1 1 1 1 1 1 1 1 1 1 1 1 1 1
[2110] 1 1 1 1 1 1 1 1 1 1 1 1 1 1 1 1 1 1 1 1 1 1 1 1 1 1 1 1 1 1 1 1 1 1 1 1 1
[2147] 1 1 1 1 1 1 1 1 1 1 1 1 1 1 1 1 1 1 1 1 1 1 1 1 1 1 1 1 1 1 1 1 1 1 1 1 1
[2184] 1 1 1 1 1 1 1 1 1 1 1 1 1 1 1 1 1 1 1 1 1 1 1 1 1 1 1 1 1 1 1 1 1 1 1 1 1
[2221] 1 1 1 1 1 1 1 1 1 1 1 1 1 1 1 1 1 1 1 1 1 1 1 1 1 1 1 1 1 1 1 1 1 1 1 1 1
[2258] 1 1 1 1 1 1 1 1 1 1 1 1 1 1 1 1 1 1 1 1 1 1 1 1 1 1 1 1 1 1 1 1 1 1 1 1 1
[2295] 1 1 1 1 1 1 1 1 1 1 1 1 1 1 1 1 1 1 1 1 1 1 1 1 1 1 1 1 1 1 1 1 1 1 1 1 1
[2332] 1 1 1 1 1 1 1 1 1 1 1 1 1 1 1 1 1 1 1 1 1 1 1 1 1 1 1 1 1 1 1 1 1 1 1 1 1
[2369] 1 1 1 1 1 1 1 1 1 1 1 1 1 1 1 1 1 1 1 1 1 1 1 1 1 1 1 1 1 1 1 1 1 1 1 1 1
[2406] 1 1 1 1 1 1 1 1 1 1 1 1 1 1 1 1 1 1 1 1 1 1 1 1 1 1 1 1 1 1 1 1 1 1 1 1 1
[2443] 1 1 1 1 1 1 1 1 1 1 1 1 1 1 1 1 1 1 1 1 1 1 1 1 1 1 1 1 1 1 1 1 1 1 1 1 1
[2480] 1 1 1 1 1 1 1 1 1 1 1 1 1 1 1 1 1 1 1 1 1 1 1 1 1 1 1 1 1 1 1 1 1 1 1 1 1
[2517] 1 1 1 1 1 1 1 1 1 1 1 1 1 1 1 1 1 1 1 1 1 1 1 1 1 1 1 1 1 1 1 1 1 1 1 1 1
[2554] 1 1 1 1 1 1 1 1 1 1 1 1 1 1 1 1 1 1 1 1 1 1 1 1 1 1 1 1 1 1 1 1 1 1 1 1 1
[2591] 1 1 1 1 1 1 1 1 1 1 1 1 1 1 1 1 1 1 1 1 1 1 1 1 1 1 1 1 1 1 1 1 1 1 1 1 1
[2628] 1 1 1 1 1 1 1 1 1 1 1 1 1 1 1 1 1 1 1 1 1 1 1 1 1 1 1 1 1 1 1 1 1 1 1 1 1
[2665] 1 1 1 1 1 1 1 1 1 1 1 1 1 1 1 1 1 1 1 1 1 1 1 1 1 1 1 1 1 1 1 1 1 1 1 1 1
[2702] 1 1 1 1 1 1 1 1 1 1 1 1 1 1 1 1 1 1 1 1 1 1 1 1 1 1 1 1 1 1 1 1 1 1 1 1 1
[2739] 1 1 1 1 1 1 1 1 1 1 1 1 1 1 1 1 1 1 1 1 1 1 1 1 1 1 1 1 1 1 1 1 1 1 1 1 1
[2776] 1 1 1 1 1 1 1 1 1 1 1 1 1 1 1 1 1 1 1 1 1 1 1 1 1 1 1 1 1 1 1 1 1 1 1 1 1
[2813] 1 1 1 1 1 1 1 1 1 1 1 1 1 1 1 1 1 1 1 1 1 1 1 1 1 1 1 1 1 1 1 1 1 1 1 1 1
[2850] 1 1 1 1 1 1 1 1 1 1 1 1 1 1 1 1 1 1 1 1 1 1 1 1 1 1 1 1 1 1 1 1 1 1 1 1 1
[2887] 1 1 1 1 1 1 1 1 1 1 1 1 1 1 1 1 1 1 1 1 1 1 1 1 1 1 1 1 1 1 1 1 1 1 1 1 1
[2924] 1 1 1 1 1 1 1 1 1 1 1 1 1 1 1 1 1 1 1 1 1 1 1 1 1 1 1 1 1 1 1 1 1 1 1 1 1
[2961] 1 1 1 1 1 1 1 1 1 1 1 1 1 1 1 1 1 1 1 1 1 1 1 1 1 1 1 1 1 1 1 1 1 1 1 1 1
[2998] 1 1 1 1 1 1 1 1 1 1 1 1 1 1 1 1 1 1 1 1 1 1 1 1 1 1 1 1 1 1 1 1 1 1 1 1 1
[3035] 1 1 1 1 1 1 1 1 1 1 1 1 1 1 1 1 1 1 1 1 1 1 1 1 1 1 1 1 1 1 1 1 1 1 1 1 1
[3072] 1 1 1 1 1 1 1 1 1 1 1 1 1 1 1 1 1 1 1 1 1 1 1 1 1 1 1 1 1 1 1 1 1 1 1 1 1
[3109] 1 1 1 1 1 1 1 1 1 1 1 1 1 1 1 1 1 1 1 1 1 1 1 1 1 1 1 1 1 1 1 1 1 1 1 1 1
[3146] 1 1 1 1 1 1 1 1 1 1 1 1 1 1 1 1 1 1 1 1 1 1 1 1 1 1 1 1 1 1 1 1 1 1 1 1 1
[3183] 1 1 1 1 1 1 1 1 1 1 1 1 1 1 1 1 1 1 1 1 1 1 1 1 1 1 1 1 1 1 1 1 1 1 1 1 1
[3220] 1 1 1 1 1 1 1 1 1 1 1 1 1 1 1 1 1 1 1 1 1 1 1 1 1 1 1 1 1 1 1 1 1 1 1 1 1
[3257] 1 1 1 1 1 1 1 1 1 1 1 1 1 1 1 1 1 1 1 1 1 1 1 1 1 1 1 1 1 1 1 1 1 1 1 1 1
[3294] 1 1 1 1 1 1 1 1 1 1 1 1 1 1 1 1 1 1 1 1 1 1 1 1 1 1 1 1 1 1 1 1 1 1 1 1 1
[3331] 1 1 1 1 1 1 1 1 1 1 1 1 1 1 1 1 1 1 1 1 1 1 1 1 1 1 1 1 1 1 1 1 1 1 1 1 1
[3368] 1 1 1 1 1 1 1 1 1 1 1 1 1 1 1 1 1 1 1 1 1 1 1 1 1 1 1 1 1 1 1 1 1 1 1 1 1
[3405] 1 1 1 1 1 1 1 1 1 1 1 1 1 1 1 1 1 1 1 1 1 1 1 1 1 1 1 1 1 1 1 1 1 1 1 1 1
[3442] 1 1 1 1 1 1 1 1 1 1 1 1 1 1 1 1 1 1 1 1 1 1 1 1 1 1 1 1 1 1 1 1 1 1 1 1 1
[3479] 1 1 1 1 1 1 1 1 1 1 1 1 1 1 1 1 1 1 1 1 1 1 1 1 1 1 1 1 1 1 1 1 1 1 1 1 1
[3516] 1 1 1 1 1 1 1 1 1 1 1 1 1 1 1 1 1 1 1 1 1 1 1 1 1 1 1 1 1 1 1 1 1 1 1 1 1
[3553] 1 1 1 1 1 1 1 1 1 1 1 1 1 1 1 1 1 1 1 1 1 1 1 1 1 1 1 1 1 1 1 1 1 1 1 1 1
[3590] 1 1 1 1 1 1 1 1 1 1 1 1 1 1 1 1 1 1 1 1 1 1 1 1 1 1 1 1 1 1 1 1 1 1 1 1 1
[3627] 1 1 1 1 1 1 1 1 1 1 1 1 1 1 1 1 1 1 1 1 1 1 1 1 1 1 1 1 1 1 1 1 1 1 1 1 1
[3664] 1 1 1 1 1 1 1 1 1 1 1 1 1 1 1 1 1 1 1 1 1 1 1 1 1 1 1 1 1 1 1 1 1 1 1 1 1
[3701] 1 1 1 1 1 1 1 1 1 1 1 1 1 1 1 1 1 1 1 1 1 1 1 1 1 1 1 1 1 1 1 1 1 1 1 1 1
[3738] 1 1 1 1 1 1 1 1 1 1 1 1 1 1 1 1 1 1 1 1 1 1 1 1 1 1 1 1 1 1 1 1 1 1 1 1 1
[3775] 1 1 1 1 1 1 1 1 1 1 1 1 1 1 1 1 1 1 1 1 1 1 1 1 1 1 1 1 1 1 1 1 1 1 1 1 1
[3812] 1 1 1 1 1 1 1 1 1 1 1 1 1 1 1 1 1 1 1 1 1 1 1 1 1 1 1 1 1 1 1 1 1 1 1 1 1
[3849] 1 1 1 1 1 1 1 1 1 1 1 1 1 1 1 1 1 1 1 1 1 1 1 1 1 1 1 1 1 1 1 1 1 1 1 1 1
[3886] 1 1 1 1 1 1 1 1 1 1 1 1 1 1 1 1 1 1 1 1 1 1 1 1 1 1 1 1 1 1 1 1 1 1 1 1 1
[3923] 1 1 1 1 1 1 1 1 1 1 1 1 1 1 1 1 1 1 1 1 1 1 1 1 1 1 1 1 1 1 1 1 1 1 1 1 1
[3960] 1 1 1 1 1 1 1 1 1 1 1 1 1 1 1 1 1 1 1 1 1 1 1 1 1 1 1 1 1 1 1 1 1 1 1 1 1
[3997] 1 1 1 1 1 1 1 1 1 1 1 1 1 1 1 1 1 1 1 1 1 1 1 1 1 1 1 1 1 1 1 1 1 1 1 1 1
[4034] 1 1 1 1 1 1 1 1 1 1 1 1 1 1 1 1 1 1 1 1 1 1 1 1 1 1 1 1 1 1 1 1 1 1 1 1 1
[4071] 1 1 1 1 1 1 1 1 1 1 1 1 1 1 1 1 1 1 1 1 1 1 1 1 1 1 1 1 1 1 1 1 1 1 1 1 1
[4108] 1 1 1 1 1 1 1 1 1 1 1 1 1 1 1 1 1 1 1 1 1 1 1 1 1 1 1 1 1 1 1 1 1 1 1 1 1
[4145] 1 1 1 1 1 1 1 1 1 1 1 1 1 1 1 1 1 1 1 1 1 1 1 1 1 1 1 1 1 1 1 1 1 1 1 1 1
[4182] 1 1 1 1 1 1 1 1 1 1 1 1 1 1 1 1 1 1 1 1 1 1 1 1 1 1 1 1 1 1 1 1 1 1 1 1 1
[4219] 1 1 1 1 1 1 1 1 1 1 1 1 1 1 1 1 1 1 1 1 1 1 1 1 1 1 1 1 1 1 1 1 1 1 1 1 1
[4256] 1 1 1 1 1 1 1 1 1 1 1 1 1 1 1 1 1 1 1 1 1 1 1 1 1 1 1 1 1 1 1 1 1 1 1 1 1
[4293] 1 1 1 1 1 1 1 1 1 1 1 1 1 1 1 1 1 1 1 1 1 1 1 1 1 1 1 1 1 1 1 1 1 1 1 1 1
[4330] 1 1 1 1 1 1 1 1 1 1 1 1 1 1 1 1 1 1 1 1 1 1 1 1 1 1 1 1 1 1 1 1 1 1 1 1 1
[4367] 1 1 1 1 1 1 1 1 1 1 1 1 1 1 1 1 1 1 1 1 1 1 1 1 1 1 1 1 1 1 1 1 1 1 1 1 1
[4404] 1 1 1 1 1 1 1 1 1 1 1 1 1 1 1 1 1 1 1 1 1 1 1 1 1 1 1 1 1 1 1 1 1 1 1 1 1
[4441] 1 1 1 1 1 1 1 1 1 1 1 1 1 1 1 1 1 1 1 1 1 1 1 1 1 1 1 1 1 1 1 1 1 1 1 1 1
[4478] 1 1 1 1 1 1 1 1 1 1 1 1 1 1 1 1 1 1 1 1 1 1 1 1 1 1 1 1 1 1 1 1 1 1 1 1 1
[4515] 1 1 1 1 1 1 1 1 1 1 1 1 1 1 1 1 1 1 1 1 1 1 1 1 1 1 1 1 1 1 1 1 1 1 1 1 1
[4552] 1 1 1 1 1 1 1 1 1 1 1 1 1 1 1 1 1 1 1 1 1 1 1 1 1 1 1 1 1 1 1 1 1 1 1 1 1
[4589] 1 1 1 1 1 1 1 1 1 1 1 1 1 1 1 1 1 1 1 1 1 1 1 1 1 1 1 1 1 1 1 1 1 1 1 1 1
[4626] 1 1 1 1 1 1 1 1 1 1 1 1 1 1 1 1 1 1 1 1 1 1 1 1 1 1 1 1 1 1 1 1 1 1 1 1 1
[4663] 1 1 1 1 1 1 1 1 1 1 1 1 1 1 1 1 1 1 1 1 1 1 1 1 1 1 1 1 1 1 1 1 1 1 1 1 1
[4700] 1 1 1 1 1 1 1 1 1 1 1 1 1 1 1 1 1 1 1 1 1 1 1 1 1 1 1 1 1 1 1 1 1 1 1 1 1
[4737] 1 1 1 1 1 1 1 1 1 1 1 1 1 1 1 1 1 1 1 1 1 1 1 1 1 1 1 1 1 1 1 1 1 1 1 1 1
[4774] 1 1 1 1 1 1 1 1 1 1 1 1 1 1 1 1 1 1 1 1 1 1 1 1 1 1 1 1 1 1 1 1 1 1 1 1 1
[4811] 1 1 1 1 1 1 1 1 1 1 1 1 1 1 1 1 1 1 1 1 1 1 1 1 1 1 1 1 1 1 1 1 1 1 1 1 1
[4848] 1 1 1 1 1 1 1 1 1 1 1 1 1 1 1 1 1 1 1 1 1 1 1 1 1 1 1 1 1 1 1 1 1 1 1 1 1
[4885] 1 1 1 1 1 1 1 1 1 1 1 1 1 1 1 1 1 1 1 1 1 1 1 1 1 1 1 1 1 1 1 1 1 1 1 1 1
[4922] 1 1 1 1 1 1 1 1 1 1 1 1 1 1 1 1 1 1 1 1 1 1 1 1 1 1 1 1 1 1 1 1 1 1 1 1 1
[4959] 1 1 1 1 1 1 1 1 1 1 1 1 1 1 1 1 1 1 1 1 1 1 1 1 1 1 1 1 1 1 1 1 1 1 1 1 1
[4996] 1 1 1 1 1
[1] 7
[1] 8
[1] 8
[1] 9
[1] 11
[1] 11
[1] 11
[1] 12
[1] 12
[1] 12
[1] 13
[1] 13
[1] 12
[1] 13
[1] 14
[1] 15
[1] 14
[1] 14
[1] 14
[1] 14
[1] 17
[1] 20
[1] 22
[1] 22
[1] 22
[1] 27
[1] 28
[1] 32
[1] 33
[1] 32
[1] 37
[1] 38
[1] 43
[1] 44
[1] 44
[1] 53
[1] 53
[1] 60
[1] 62
[1] 63
[1] 62
[1] 59
[1] 62
[1] 59
[1] 64
[1] 70
[1] 70
[1] 74
[1] 76
[1] 80
[1] 81
[1] 79
[1] 77
[1] 80
[1] 76
[1] 80
[1] 81
[1] 77
[1] 77
[1] 73
[1] 78
[1] 82
[1] 79
[1] 73
[1] 78
[1] 82
[1] 92
[1] 89
[1] 83
[1] 75
[1] 79
[1] 79
[1] 77
[1] 78
[1] 79
[1] 79
[1] 84
[1] 86
[1] 82
[1] 89
[1] 99
[1] 100
[1] 99
[1] 105
[1] 102
[1] 100
[1] 100
[1] 98
[1] 100
[1] 98
[1] 91
[1] 92
[1] 100
[1] 105
[1] 104
[1] 101
[1] 102
[1] 93
[1] 94
[1] 94
[1] 98
[1] 91
[1] 90
[1] 93
[1] 94
[1] 96
[1] 92
[1] 95
[1] 105
[1] 108
[1] 103
[1] 96
[1] 97
[1] 100
[1] 106
[1] 100
[1] 100
[1] 104
[1] 107
[1] 111
[1] 106
[1] 95
[1] 91
[1] 92
[1] 85
[1] 87
[1] 92
[1] 91
[1] 87
[1] 88
[1] 86
[1] 84
[1] 90
[1] 94
[1] 94
[1] 100
[1] 103
[1] 101
[1] 108
[1] 112
[1] 110
[1] 102
[1] 105
[1] 101
[1] 102
[1] 99
[1] 98
[1] 102
[1] 107
[1] 107
[1] 105
[1] 102
[1] 100
[1] 99
[1] 98
[1] 94
[1] 94
[1] 91
[1] 97
[1] 96
[1] 93
[1] 87
[1] 91
[1] 92
[1] 95
[1] 101
[1] 98
[1] 94
[1] 96
[1] 103
[1] 105
[1] 101
[1] 102
[1] 107
[1] 100
[1] 103
[1] 100
[1] 100
[1] 104
[1] 103
[1] 106
[1] 109
[1] 102
[1] 106
[1] 106
[1] 108
[1] 106
[1] 107
[1] 106
[1] 109
[1] 107
[1] 105
[1] 105
[1] 106
[1] 105
[1] 105
[1] 107
[1] 107
[1] 110
[1] 109
[1] 113
[1] 113
[1] 119
[1] 112
[1] 113
[1] 120
[1] 120
[1] 121
[1] 124
[1] 119
[1] 118
[1] 125
[1] 124
[1] 118
[1] 118
[1] 117
[1] 115
[1] 118
[1] 111
[1] 112
[1] 114
[1] 111
[1] 102
[1] 100
[1] 105
[1] 112
[1] 113
[1] 108
[1] 107
[1] 104
[1] 109
[1] 111
[1] 111
[1] 111
[1] 112
[1] 112
[1] 115
[1] 119
[1] 109
[1] 111
[1] 113
[1] 113
[1] 109
[1] 111
[1] 108
[1] 109
[1] 108
[1] 101
[1] 105
[1] 109
[1] 110
[1] 106
[1] 107
[1] 104
[1] 103
[1] 108
[1] 103
[1] 104
[1] 106
[1] 103
[1] 112
[1] 112
[1] 114
[1] 107
[1] 112
[1] 109
[1] 109
[1] 104
[1] 107
[1] 107
[1] 111
[1] 106
[1] 106
[1] 110
[1] 110
[1] 105
[1] 111
[1] 114
[1] 119
[1] 118
[1] 111
[1] 106
[1] 103
[1] 112
[1] 120
[1] 112
[1] 111
[1] 112
[1] 111
[1] 115
[1] 112
[1] 109
[1] 105
[1] 104
[1] 101
[1] 104
[1] 105
[1] 102
[1] 102
[1] 103
[1] 107
[1] 106
[1] 110
[1] 119
[1] 117
[1] 118
[1] 110
[1] 113
[1] 116
[1] 120
[1] 118
[1] 122
[1] 120
[1] 115
[1] 121
[1] 123
[1] 121
[1] 120
[1] 126
[1] 129
[1] 128
[1] 126
[1] 130
[1] 134
[1] 135
[1] 132
[1] 134
[1] 138
[1] 133
[1] 132
[1] 133
[1] 130
[1] 125
[1] 121
[1] 126
[1] 129
[1] 127
[1] 130
[1] 130
[1] 127
[1] 121
[1] 125
[1] 129
[1] 121
[1] 127
[1] 119
[1] 119
[1] 120
[1] 119
[1] 113
[1] 109
[1] 107
[1] 104
[1] 112
[1] 116
[1] 117
[1] 115
[1] 122
[1] 125
[1] 118
[1] 117
[1] 115
[1] 117
[1] 116
[1] 113
[1] 116
[1] 116
[1] 115
[1] 112
[1] 111
[1] 111
[1] 108
[1] 106
[1] 105
[1] 100
[1] 106
[1] 108
[1] 111
[1] 118
[1] 120
[1] 116
[1] 115
[1] 110
[1] 113
[1] 112
[1] 110
[1] 105
[1] 109
[1] 115
[1] 117
[1] 124
[1] 128
[1] 122
[1] 118
[1] 122
[1] 123
[1] 118
[1] 117
[1] 119
[1] 119
[1] 120
[1] 124
[1] 125
[1] 125
[1] 126
[1] 119
[1] 122
[1] 123
[1] 117
[1] 118
[1] 118
[1] 125
[1] 118
[1] 119
[1] 119
[1] 125
[1] 133
[1] 128
[1] 131
[1] 131
[1] 135
[1] 132
[1] 134
[1] 138
[1] 149
[1] 144
[1] 145
[1] 145
[1] 148
[1] 147
[1] 142
[1] 146
[1] 136
[1] 135
[1] 134
[1] 135
[1] 135
[1] 132
[1] 126
[1] 132
[1] 137
[1] 134
[1] 134
[1] 131
[1] 126
[1] 124
[1] 125
[1] 127
[1] 120
[1] 122
[1] 121
[1] 124
[1] 124
[1] 131
[1] 131
[1] 132
[1] 124
[1] 120
[1] 126
[1] 126
[1] 124
[1] 125
[1] 128
[1] 134
[1] 136
[1] 136
[1] 134
[1] 133
[1] 136
[1] 137
[1] 140
[1] 127
[1] 128
[1] 129
[1] 121
[1] 122
[1] 123
[1] 125
[1] 124
[1] 122
[1] 128
[1] 136
[1] 134
[1] 130
[1] 134
[1] 133
[1] 138
[1] 140
[1] 138
[1] 141
[1] 138
[1] 138
[1] 139
[1] 139
[1] 147
[1] 142
[1] 139
[1] 140
[1] 138
[1] 138
[1] 137
[1] 137
[1] 134
[1] 132
[1] 140
[1] 128
[1] 128
[1] 135
[1] 134
[1] 131
[1] 131
[1] 130
[1] 126
[1] 135
[1] 131
[1] 136
[1] 132
[1] 129
[1] 129
[1] 132
[1] 132
[1] 141
[1] 141
[1] 142
[1] 139
[1] 138
[1] 131
[1] 135
[1] 134
[1] 130
[1] 136
[1] 129
[1] 132
[1] 138
[1] 139
[1] 134
[1] 134
[1] 130
[1] 129
[1] 133
[1] 135
[1] 132
[1] 132
[1] 136
[1] 134
[1] 133
[1] 131
[1] 131
[1] 135
[1] 134
[1] 136
[1] 135
[1] 135
[1] 125
[1] 119
[1] 130
[1] 129
[1] 129
[1] 122
[1] 112
[1] 114
[1] 110
[1] 115
[1] 124
[1] 131
[1] 126
[1] 126
[1] 124
[1] 124
[1] 124
[1] 120
[1] 115
[1] 126
[1] 123
[1] 122
[1] 121
[1] 125
[1] 129
[1] 130
[1] 130
[1] 132
[1] 133
[1] 136
[1] 135
[1] 132
[1] 132
[1] 132
[1] 132
[1] 130
[1] 133
[1] 136
[1] 140
[1] 140
[1] 145
[1] 133
[1] 126
[1] 129
[1] 134
[1] 136
[1] 134
[1] 136
[1] 138
[1] 135
[1] 137
[1] 140
[1] 137
[1] 133
[1] 133
[1] 128
[1] 132
[1] 135
[1] 137
[1] 135
[1] 129
[1] 134
[1] 140
[1] 142
[1] 137
[1] 136
[1] 136
[1] 141
[1] 135
[1] 137
[1] 134
[1] 144
[1] 139
[1] 141
[1] 137
[1] 132
[1] 135
[1] 129
[1] 131
[1] 130
[1] 129
[1] 130
[1] 129
[1] 132
[1] 136
[1] 138
[1] 133
[1] 131
[1] 131
[1] 127
[1] 131
[1] 127
[1] 129
[1] 133
[1] 127
[1] 123
[1] 123
[1] 128
[1] 125
[1] 118
[1] 118
[1] 121
[1] 124
[1] 124
[1] 124
[1] 129
[1] 127
[1] 126
[1] 122
[1] 118
[1] 123
[1] 124
[1] 125
[1] 115
[1] 120
[1] 118
[1] 124
[1] 112
[1] 107
[1] 115
[1] 110
[1] 112
[1] 112
[1] 117
[1] 108
[1] 111
[1] 108
[1] 114
[1] 115
[1] 120
[1] 118
[1] 116
[1] 115
[1] 118
[1] 119
[1] 121
[1] 121
[1] 116
[1] 126
[1] 122
[1] 126
[1] 126
[1] 132
[1] 124
[1] 120
[1] 115
[1] 117
[1] 121
[1] 117
[1] 121
[1] 121
[1] 126
[1] 121
[1] 124
[1] 121
[1] 120
[1] 115
[1] 123
[1] 121
[1] 125
[1] 124
[1] 119
[1] 121
[1] 122
[1] 121
[1] 122
[1] 125
[1] 118
[1] 113
[1] 108
[1] 108
[1] 117
[1] 113
[1] 109
[1] 113
[1] 114
[1] 116
[1] 112
[1] 119
[1] 116
[1] 111
[1] 113
[1] 113
[1] 112
[1] 110
[1] 114
[1] 112
[1] 118
[1] 122
[1] 119
[1] 114
[1] 108
[1] 114
[1] 109
[1] 114
[1] 114
[1] 116
[1] 117
[1] 123
[1] 114
[1] 114
[1] 114
[1] 119
[1] 126
[1] 118
[1] 119
[1] 122
[1] 125
[1] 119
[1] 119
[1] 117
[1] 116
[1] 114
[1] 115
[1] 112
[1] 106
[1] 110
[1] 117
[1] 119
[1] 119
[1] 125
[1] 116
[1] 113
[1] 116
[1] 118
[1] 120
[1] 116
[1] 119
[1] 111
[1] 108
[1] 116
[1] 113
[1] 109
[1] 106
[1] 110
[1] 104
[1] 103
[1] 104
[1] 106
[1] 110
[1] 98
[1] 91
[1] 96
[1] 101
[1] 100
[1] 110
[1] 112
[1] 117
[1] 112
[1] 104
[1] 106
[1] 109
[1] 103
[1] 103
[1] 99
[1] 111
[1] 106
[1] 96
[1] 99
[1] 104
[1] 107
[1] 111
[1] 106
[1] 109
[1] 110
[1] 117
[1] 114
[1] 115
[1] 108
[1] 115
[1] 111
[1] 106
[1] 107
[1] 109
[1] 116
[1] 118
[1] 114
[1] 114
[1] 117
[1] 120
[1] 114
[1] 112
[1] 109
[1] 101
[1] 101
[1] 103
[1] 98
[1] 96
[1] 95
[1] 97
[1] 95
[1] 97
[1] 105
[1] 112
[1] 116
[1] 122
[1] 115
[1] 123
[1] 119
[1] 118
[1] 117
[1] 116
[1] 117
[1] 121
[1] 121
[1] 120
[1] 113
[1] 119
[1] 110
[1] 105
[1] 102
[1] 105
[1] 104
[1] 109
[1] 111
[1] 110
[1] 110
[1] 112
[1] 113
[1] 109
[1] 112
[1] 111
[1] 116
[1] 108
[1] 123
[1] 121
[1] 118
[1] 123
[1] 114
[1] 114
[1] 113
[1] 107
[1] 104
[1] 112
[1] 114
[1] 117
[1] 117
[1] 115
[1] 115
[1] 111
[1] 117
[1] 112
[1] 115
[1] 125
[1] 121
[1] 121
[1] 124
[1] 118
[1] 114
[1] 118
[1] 117
[1] 116
[1] 120
[1] 120
[1] 121
[1] 124
[1] 127
[1] 124
[1] 126
[1] 130
[1] 129
[1] 126
[1] 121
[1] 116
[1] 113
[1] 108
[1] 113
[1] 117
[1] 119
[1] 122
[1] 122
[1] 116
[1] 116
[1] 117
[1] 114
[1] 114
[1] 115
[1] 126
[1] 122
[1] 116
[1] 117
[1] 121
[1] 118
[1] 118
[1] 121
[1] 119
[1] 110
[1] 114
[1] 113
[1] 107
[1] 101
[1] 109
[1] 108
[1] 106
[1] 111
[1] 114
[1] 115
[1] 115
[1] 113
[1] 115
[1] 114
[1] 121
[1] 120
[1] 120
[1] 120
[1] 118
[1] 118
[1] 114
[1] 116
[1] 117
[1] 110
[1] 109
[1] 110
[1] 105
[1] 101
[1] 103
[1] 108
[1] 104
[1] 107
[1] 118
[1] 111
[1] 114
[1] 112
[1] 120
[1] 128
[1] 126
[1] 133
[1] 131
[1] 131
[1] 126
[1] 127
[1] 131
[1] 131
[1] 137
[1] 142
[1] 145
[1] 140
[1] 134
[1] 133
[1] 128
[1] 137
[1] 131
[1] 124
[1] 135
[1] 131
[1] 134
[1] 130
[1] 127
[1] 127
[1] 119
[1] 120
[1] 124
[1] 124
[1] 126
[1] 127
[1] 120
[1] 129
[1] 126
[1] 128
[1] 128
[1] 135
[1] 137
[1] 130
[1] 133
[1] 127
[1] 123
[1] 124
[1] 129
[1] 132
[1] 135
[1] 140
[1] 139
[1] 145
[1] 139
[1] 136
[1] 133
[1] 125
[1] 128
[1] 125
[1] 128
[1] 120
[1] 122
[1] 126
[1] 133
[1] 131
> 
R has finished running

============================================

        Job resource usage summary 

                 Memory (GB)    NCPUs
 Requested  :         1             1
 Used       :         0 (peak)   0.98 (ave)

============================================
