R is about to run

R version 3.6.1 (2019-07-05) -- "Action of the Toes"
Copyright (C) 2019 The R Foundation for Statistical Computing
Platform: x86_64-conda_cos6-linux-gnu (64-bit)

R is free software and comes with ABSOLUTELY NO WARRANTY.
You are welcome to redistribute it under certain conditions.
Type 'license()' or 'licence()' for distribution details.

  Natural language support but running in an English locale

R is a collaborative project with many contributors.
Type 'contributors()' for more information and
'citation()' on how to cite R or R packages in publications.

Type 'demo()' for some demos, 'help()' for on-line help, or
'help.start()' for an HTML browser interface to help.
Type 'q()' to quit R.

> # CMEE 2019 HPC excercises R code HPC run code proforma
> # Amy Solman amy.solman19@imperial.ac.uk
> # 28th November 2019
> # question18.R
> 
> rm(list=ls())
> graphics.off()
> 
> #Load all the functions you need by sourcing your main R fail
> source("asolman_HPC_2019_main.R")
> 
> #Read in the job number from the cluster. To do this your code should include a new variable iter
> #and should start with the line:
> iter <- as.numeric(Sys.getenv("PBS_ARRAY_INDEX")) #will not work on local machine, instead set iter for yourself
> 
> #iter <- 5
> 
> i = iter
> 
> set.seed(i) 
> 
> # if (iter <= 25) {
> #   size = 500
> # } else {
> #   if (iter <= 50)
> #     size = 1000
> # } else {
> #   if (iter <= 75)
> #     size = 2500
> # } else {
> #   if (iter <= 100)
> #     size = 5000
> # }
> 
> sizevect <- c(500, 1000, 2500, 5000) #more efficient version of the above
> size = sizevect[(iter %% 4) + 1]
> 
> output_file_name = paste0("simulation_",i,".rda") 
> 
> cluster_run(speciation_rate = 0.005043, size = size, wall_time = 690, interval_rich = 1, interval_oct = size/10, 
+             burn_in_generations = 8*size, output_file_name = output_file_name)
  [1] 1 1 1 1 1 1 1 1 1 1 1 1 1 1 1 1 1 1 1 1 1 1 1 1 1 1 1 1 1 1 1 1 1 1 1 1 1
 [38] 1 1 1 1 1 1 1 1 1 1 1 1 1 1 1 1 1 1 1 1 1 1 1 1 1 1 1 1 1 1 1 1 1 1 1 1 1
 [75] 1 1 1 1 1 1 1 1 1 1 1 1 1 1 1 1 1 1 1 1 1 1 1 1 1 1 1 1 1 1 1 1 1 1 1 1 1
[112] 1 1 1 1 1 1 1 1 1 1 1 1 1 1 1 1 1 1 1 1 1 1 1 1 1 1 1 1 1 1 1 1 1 1 1 1 1
[149] 1 1 1 1 1 1 1 1 1 1 1 1 1 1 1 1 1 1 1 1 1 1 1 1 1 1 1 1 1 1 1 1 1 1 1 1 1
[186] 1 1 1 1 1 1 1 1 1 1 1 1 1 1 1 1 1 1 1 1 1 1 1 1 1 1 1 1 1 1 1 1 1 1 1 1 1
[223] 1 1 1 1 1 1 1 1 1 1 1 1 1 1 1 1 1 1 1 1 1 1 1 1 1 1 1 1 1 1 1 1 1 1 1 1 1
[260] 1 1 1 1 1 1 1 1 1 1 1 1 1 1 1 1 1 1 1 1 1 1 1 1 1 1 1 1 1 1 1 1 1 1 1 1 1
[297] 1 1 1 1 1 1 1 1 1 1 1 1 1 1 1 1 1 1 1 1 1 1 1 1 1 1 1 1 1 1 1 1 1 1 1 1 1
[334] 1 1 1 1 1 1 1 1 1 1 1 1 1 1 1 1 1 1 1 1 1 1 1 1 1 1 1 1 1 1 1 1 1 1 1 1 1
[371] 1 1 1 1 1 1 1 1 1 1 1 1 1 1 1 1 1 1 1 1 1 1 1 1 1 1 1 1 1 1 1 1 1 1 1 1 1
[408] 1 1 1 1 1 1 1 1 1 1 1 1 1 1 1 1 1 1 1 1 1 1 1 1 1 1 1 1 1 1 1 1 1 1 1 1 1
[445] 1 1 1 1 1 1 1 1 1 1 1 1 1 1 1 1 1 1 1 1 1 1 1 1 1 1 1 1 1 1 1 1 1 1 1 1 1
[482] 1 1 1 1 1 1 1 1 1 1 1 1 1 1 1 1 1 1 1
[1] 3
[1] 4
[1] 3
[1] 2
[1] 2
[1] 2
[1] 3
[1] 4
[1] 4
[1] 5
[1] 5
[1] 4
[1] 6
[1] 6
[1] 6
[1] 6
[1] 6
[1] 5
[1] 6
[1] 6
[1] 6
[1] 7
[1] 8
[1] 7
[1] 7
[1] 6
[1] 7
[1] 7
[1] 8
[1] 9
[1] 9
[1] 10
[1] 9
[1] 9
[1] 11
[1] 11
[1] 10
[1] 10
[1] 10
[1] 9
[1] 9
[1] 9
[1] 10
[1] 10
[1] 10
[1] 10
[1] 10
[1] 10
[1] 10
[1] 10
[1] 10
[1] 11
[1] 10
[1] 10
[1] 10
[1] 9
[1] 11
[1] 10
[1] 11
[1] 11
[1] 12
[1] 12
[1] 11
[1] 11
[1] 11
[1] 11
[1] 13
[1] 13
[1] 13
[1] 13
[1] 12
[1] 11
[1] 10
[1] 8
[1] 10
[1] 9
[1] 9
[1] 8
[1] 10
[1] 12
[1] 12
[1] 9
[1] 11
[1] 12
[1] 12
[1] 12
[1] 13
[1] 11
[1] 8
[1] 8
[1] 11
[1] 11
[1] 10
[1] 11
[1] 14
[1] 13
[1] 13
[1] 12
[1] 11
[1] 10
[1] 9
[1] 9
[1] 11
[1] 10
[1] 10
[1] 8
[1] 7
[1] 8
[1] 9
[1] 7
[1] 7
[1] 10
[1] 13
[1] 14
[1] 15
[1] 13
[1] 14
[1] 13
[1] 13
[1] 13
[1] 12
[1] 12
[1] 12
[1] 14
[1] 16
[1] 15
[1] 16
[1] 15
[1] 11
[1] 12
[1] 12
[1] 12
[1] 14
[1] 15
[1] 17
[1] 16
[1] 17
[1] 20
[1] 19
[1] 20
[1] 19
[1] 18
[1] 19
[1] 17
[1] 18
[1] 17
[1] 17
[1] 14
[1] 16
[1] 15
[1] 14
[1] 15
[1] 16
[1] 17
[1] 16
[1] 15
[1] 16
[1] 15
[1] 14
[1] 16
[1] 15
[1] 16
[1] 15
[1] 14
[1] 15
[1] 17
[1] 17
[1] 17
[1] 17
[1] 17
[1] 14
[1] 15
[1] 15
[1] 15
[1] 14
[1] 14
[1] 13
[1] 14
[1] 13
[1] 14
[1] 14
[1] 14
[1] 12
[1] 13
[1] 15
[1] 14
[1] 14
[1] 15
[1] 15
[1] 18
[1] 14
[1] 14
[1] 13
[1] 13
[1] 15
[1] 15
[1] 14
[1] 16
[1] 14
[1] 12
[1] 8
[1] 9
[1] 8
[1] 8
[1] 9
[1] 9
[1] 8
[1] 7
[1] 8
[1] 7
[1] 8
[1] 7
[1] 10
[1] 11
[1] 10
[1] 11
[1] 13
[1] 12
[1] 12
[1] 12
[1] 10
[1] 9
[1] 8
[1] 6
[1] 8
[1] 7
[1] 6
[1] 6
[1] 6
[1] 6
[1] 6
[1] 7
[1] 7
[1] 8
[1] 10
[1] 11
[1] 11
[1] 10
[1] 8
[1] 9
[1] 8
[1] 11
[1] 10
[1] 10
[1] 12
[1] 12
[1] 13
[1] 16
[1] 16
[1] 19
[1] 14
[1] 16
[1] 14
[1] 14
[1] 13
[1] 13
[1] 13
[1] 13
[1] 13
[1] 12
[1] 13
[1] 14
[1] 14
[1] 14
[1] 11
[1] 11
[1] 11
[1] 13
[1] 14
[1] 13
[1] 14
[1] 11
[1] 11
[1] 12
[1] 11
[1] 12
[1] 11
[1] 8
[1] 8
[1] 8
[1] 10
[1] 13
[1] 13
[1] 13
[1] 12
[1] 13
[1] 15
[1] 14
[1] 16
[1] 14
[1] 11
[1] 14
[1] 14
[1] 13
[1] 13
[1] 12
[1] 12
[1] 12
[1] 15
[1] 12
[1] 13
[1] 13
[1] 13
[1] 15
[1] 16
[1] 18
[1] 18
[1] 16
[1] 15
[1] 14
[1] 11
[1] 11
[1] 10
[1] 12
[1] 12
[1] 13
[1] 14
[1] 13
[1] 14
[1] 12
[1] 14
[1] 12
[1] 13
[1] 14
[1] 15
[1] 15
[1] 15
[1] 15
[1] 12
[1] 14
[1] 13
[1] 13
[1] 12
[1] 11
[1] 11
[1] 11
[1] 11
[1] 15
[1] 13
[1] 12
[1] 12
[1] 14
[1] 12
[1] 11
[1] 9
[1] 10
[1] 9
[1] 11
[1] 11
[1] 12
[1] 13
[1] 14
[1] 14
[1] 12
[1] 11
[1] 11
[1] 10
[1] 13
[1] 12
[1] 11
[1] 13
[1] 14
[1] 15
[1] 12
[1] 11
[1] 11
[1] 11
[1] 13
[1] 15
[1] 14
[1] 14
[1] 13
[1] 13
[1] 13
[1] 15
[1] 16
[1] 14
[1] 14
[1] 14
[1] 16
[1] 14
[1] 16
[1] 15
[1] 15
[1] 14
[1] 14
[1] 14
[1] 16
[1] 15
[1] 15
[1] 15
[1] 15
[1] 17
[1] 17
[1] 16
[1] 18
[1] 19
[1] 20
[1] 19
[1] 19
[1] 16
[1] 16
[1] 14
[1] 13
[1] 16
[1] 15
[1] 16
[1] 15
[1] 15
[1] 15
[1] 17
[1] 14
[1] 12
[1] 13
[1] 15
[1] 16
[1] 12
[1] 11
[1] 11
[1] 15
[1] 15
[1] 13
[1] 12
[1] 13
[1] 12
[1] 12
[1] 13
[1] 13
[1] 14
[1] 12
[1] 12
[1] 12
[1] 10
[1] 9
[1] 11
[1] 13
[1] 14
[1] 14
[1] 13
[1] 14
[1] 18
[1] 18
[1] 13
[1] 14
[1] 14
[1] 14
[1] 12
[1] 13
[1] 16
[1] 15
[1] 15
[1] 13
[1] 15
[1] 15
[1] 18
[1] 18
[1] 16
[1] 15
[1] 15
[1] 15
[1] 15
[1] 16
[1] 17
[1] 16
[1] 17
[1] 15
[1] 15
[1] 15
[1] 16
[1] 16
[1] 16
[1] 17
[1] 18
[1] 17
[1] 17
[1] 15
[1] 16
[1] 18
[1] 17
[1] 16
[1] 18
[1] 18
[1] 19
[1] 19
[1] 20
[1] 20
[1] 20
[1] 18
[1] 18
[1] 17
[1] 16
[1] 16
[1] 15
[1] 15
[1] 14
[1] 13
[1] 11
[1] 11
[1] 9
[1] 9
[1] 14
[1] 12
[1] 10
[1] 10
[1] 11
[1] 11
[1] 12
[1] 10
[1] 11
[1] 11
[1] 11
[1] 10
[1] 10
[1] 10
[1] 10
[1] 10
[1] 11
[1] 12
[1] 11
[1] 14
[1] 10
[1] 9
[1] 9
[1] 9
[1] 10
[1] 10
[1] 10
[1] 11
[1] 11
[1] 13
[1] 12
[1] 12
[1] 11
[1] 11
[1] 11
[1] 13
[1] 12
[1] 12
[1] 14
[1] 16
[1] 15
[1] 15
[1] 16
[1] 17
[1] 19
[1] 19
[1] 16
[1] 14
[1] 13
[1] 13
[1] 12
[1] 14
[1] 12
[1] 11
[1] 14
[1] 14
[1] 13
[1] 12
[1] 11
[1] 11
[1] 11
[1] 11
[1] 13
[1] 13
[1] 12
[1] 13
[1] 14
[1] 14
[1] 16
[1] 15
[1] 15
[1] 13
[1] 13
[1] 12
[1] 13
[1] 13
[1] 16
[1] 15
[1] 15
[1] 13
[1] 11
[1] 12
[1] 12
[1] 11
[1] 13
[1] 14
[1] 13
[1] 11
[1] 12
[1] 11
[1] 10
[1] 10
[1] 9
[1] 10
[1] 10
[1] 10
[1] 9
[1] 9
[1] 8
[1] 8
[1] 10
[1] 9
[1] 9
[1] 10
[1] 11
[1] 13
[1] 12
[1] 15
[1] 14
[1] 16
[1] 14
[1] 13
[1] 12
[1] 12
[1] 14
[1] 15
[1] 13
[1] 16
[1] 16
[1] 14
[1] 14
[1] 13
[1] 12
[1] 11
[1] 11
[1] 13
[1] 10
[1] 12
[1] 12
[1] 12
[1] 12
[1] 14
[1] 16
[1] 15
[1] 13
[1] 12
[1] 13
[1] 11
[1] 15
[1] 12
[1] 11
[1] 11
[1] 12
[1] 12
[1] 12
[1] 12
[1] 13
[1] 14
[1] 13
[1] 13
[1] 14
[1] 14
[1] 15
[1] 13
[1] 15
[1] 16
[1] 14
[1] 16
[1] 16
[1] 16
[1] 17
[1] 15
[1] 15
[1] 14
[1] 11
[1] 12
[1] 12
[1] 9
[1] 8
[1] 8
[1] 8
[1] 9
[1] 10
[1] 12
[1] 9
[1] 9
[1] 8
[1] 9
[1] 10
[1] 11
[1] 13
[1] 11
[1] 11
[1] 10
[1] 10
[1] 11
[1] 11
[1] 11
[1] 11
[1] 11
[1] 10
[1] 9
[1] 10
[1] 11
[1] 11
[1] 10
[1] 12
[1] 11
[1] 10
[1] 10
[1] 10
[1] 13
[1] 14
[1] 15
[1] 12
[1] 12
[1] 13
[1] 13
[1] 12
[1] 11
[1] 13
[1] 12
[1] 11
[1] 11
[1] 11
[1] 12
[1] 12
[1] 14
[1] 12
[1] 12
[1] 13
[1] 13
[1] 13
[1] 13
[1] 11
[1] 11
[1] 12
[1] 14
[1] 15
[1] 15
[1] 15
[1] 14
[1] 15
[1] 15
[1] 14
[1] 13
[1] 13
[1] 14
[1] 16
[1] 15
[1] 15
[1] 16
[1] 16
[1] 16
[1] 17
[1] 16
[1] 14
[1] 14
[1] 13
[1] 13
[1] 13
[1] 13
[1] 14
[1] 14
[1] 14
[1] 14
[1] 12
[1] 12
[1] 12
[1] 12
[1] 13
[1] 12
[1] 12
[1] 12
[1] 12
[1] 11
[1] 13
[1] 13
[1] 14
[1] 16
[1] 14
[1] 19
[1] 18
[1] 12
[1] 14
[1] 14
[1] 13
[1] 15
[1] 13
[1] 16
[1] 16
[1] 14
[1] 13
[1] 16
[1] 15
[1] 14
[1] 14
[1] 15
[1] 13
[1] 14
[1] 13
[1] 14
[1] 16
[1] 16
[1] 14
[1] 14
[1] 13
[1] 13
[1] 14
[1] 14
[1] 13
[1] 14
[1] 14
[1] 18
[1] 18
[1] 16
[1] 16
[1] 15
[1] 17
[1] 16
[1] 14
[1] 15
[1] 11
[1] 10
[1] 12
[1] 12
[1] 11
[1] 12
[1] 11
[1] 11
[1] 11
[1] 11
[1] 11
[1] 11
[1] 12
[1] 12
[1] 13
[1] 11
[1] 11
[1] 13
[1] 12
[1] 12
[1] 12
[1] 12
[1] 12
[1] 11
[1] 11
[1] 9
[1] 10
[1] 9
[1] 12
[1] 11
[1] 12
[1] 11
[1] 11
[1] 11
[1] 12
[1] 12
[1] 10
[1] 12
[1] 13
[1] 13
[1] 12
[1] 13
[1] 10
[1] 10
[1] 12
[1] 12
[1] 9
[1] 9
[1] 8
[1] 9
[1] 10
[1] 10
[1] 9
[1] 9
[1] 9
[1] 10
[1] 11
[1] 10
[1] 10
[1] 14
[1] 13
[1] 14
[1] 15
[1] 18
[1] 16
[1] 13
[1] 14
[1] 15
[1] 13
[1] 10
[1] 10
[1] 13
[1] 12
[1] 10
[1] 11
[1] 9
[1] 9
[1] 10
[1] 10
[1] 13
[1] 14
[1] 12
[1] 11
[1] 13
[1] 11
[1] 13
[1] 12
[1] 12
[1] 12
[1] 11
[1] 11
[1] 10
[1] 14
[1] 11
[1] 10
[1] 11
[1] 10
[1] 9
[1] 9
[1] 8
[1] 8
[1] 8
[1] 10
[1] 10
[1] 11
[1] 11
[1] 10
[1] 9
[1] 8
[1] 8
[1] 9
[1] 8
[1] 8
[1] 7
[1] 9
[1] 9
[1] 10
[1] 10
[1] 11
[1] 12
[1] 11
[1] 12
[1] 8
[1] 8
[1] 7
[1] 9
[1] 11
[1] 13
[1] 11
[1] 10
[1] 10
[1] 10
[1] 8
[1] 8
[1] 8
[1] 8
[1] 10
[1] 10
[1] 12
[1] 12
[1] 14
[1] 16
[1] 13
[1] 10
[1] 10
[1] 10
[1] 9
[1] 9
[1] 8
[1] 9
[1] 10
[1] 10
[1] 8
[1] 7
[1] 8
[1] 7
[1] 8
[1] 9
[1] 8
[1] 7
[1] 8
[1] 10
[1] 10
[1] 10
[1] 10
[1] 11
[1] 12
[1] 13
[1] 12
[1] 14
[1] 12
[1] 11
[1] 10
[1] 10
[1] 10
[1] 11
[1] 11
[1] 9
[1] 10
[1] 13
[1] 14
[1] 13
[1] 12
[1] 14
[1] 12
[1] 14
[1] 16
[1] 15
[1] 14
[1] 14
[1] 12
[1] 12
[1] 12
[1] 10
[1] 13
[1] 14
[1] 13
[1] 13
[1] 16
[1] 15
[1] 12
[1] 11
[1] 12
[1] 12
[1] 14
[1] 15
[1] 15
[1] 13
[1] 14
[1] 13
[1] 13
[1] 13
[1] 13
[1] 9
[1] 10
[1] 9
[1] 12
[1] 11
[1] 11
[1] 10
[1] 12
[1] 11
[1] 10
[1] 10
[1] 8
[1] 7
[1] 9
[1] 7
[1] 8
[1] 10
[1] 12
[1] 10
[1] 12
[1] 12
[1] 11
[1] 11
[1] 11
[1] 11
[1] 10
[1] 10
[1] 11
[1] 10
[1] 12
[1] 12
[1] 12
[1] 13
[1] 12
[1] 13
[1] 12
[1] 12
[1] 14
[1] 13
[1] 11
[1] 13
[1] 13
[1] 13
[1] 13
[1] 14
[1] 14
[1] 13
[1] 14
[1] 12
[1] 12
[1] 11
[1] 11
[1] 10
[1] 11
[1] 12
[1] 13
[1] 12
[1] 11
[1] 10
[1] 11
[1] 10
[1] 11
[1] 11
[1] 11
[1] 13
[1] 12
[1] 12
[1] 12
[1] 12
[1] 12
[1] 11
[1] 13
[1] 11
[1] 12
[1] 10
[1] 10
[1] 10
[1] 10
[1] 10
[1] 8
[1] 8
[1] 8
[1] 8
[1] 11
[1] 12
[1] 11
[1] 11
[1] 14
[1] 13
[1] 13
[1] 14
[1] 15
[1] 14
[1] 15
[1] 14
[1] 14
[1] 17
[1] 17
[1] 14
[1] 14
[1] 13
[1] 11
[1] 11
[1] 14
[1] 11
[1] 11
[1] 10
[1] 11
[1] 11
[1] 12
[1] 11
[1] 11
[1] 11
[1] 11
[1] 13
[1] 12
[1] 12
[1] 13
[1] 14
[1] 15
[1] 16
[1] 16
[1] 13
[1] 13
[1] 13
[1] 12
[1] 11
[1] 13
[1] 13
[1] 14
[1] 11
[1] 12
[1] 12
[1] 12
[1] 12
[1] 12
[1] 12
[1] 11
[1] 10
[1] 10
[1] 8
[1] 8
[1] 7
[1] 8
[1] 8
[1] 9
[1] 11
[1] 10
[1] 10
[1] 11
[1] 9
[1] 8
[1] 6
[1] 9
[1] 8
[1] 8
[1] 11
[1] 9
[1] 9
[1] 10
[1] 9
[1] 9
[1] 9
[1] 10
[1] 11
[1] 13
[1] 11
[1] 9
[1] 9
[1] 9
[1] 8
[1] 8
[1] 8
[1] 8
[1] 8
[1] 8
[1] 8
[1] 9
[1] 9
[1] 8
[1] 9
[1] 9
[1] 10
[1] 10
[1] 9
[1] 9
[1] 11
[1] 12
[1] 14
[1] 12
[1] 14
[1] 11
[1] 10
[1] 11
[1] 12
[1] 13
[1] 14
[1] 15
[1] 13
[1] 14
[1] 13
[1] 14
[1] 15
[1] 16
[1] 15
[1] 16
[1] 13
[1] 12
[1] 15
[1] 17
[1] 18
[1] 19
[1] 16
[1] 15
[1] 18
[1] 19
[1] 18
[1] 16
[1] 14
[1] 15
[1] 17
[1] 16
[1] 15
[1] 16
[1] 15
[1] 13
[1] 12
[1] 11
[1] 12
[1] 11
[1] 12
[1] 12
[1] 16
[1] 16
[1] 15
[1] 12
[1] 11
[1] 9
[1] 10
[1] 12
[1] 11
[1] 11
[1] 12
[1] 11
[1] 11
[1] 13
[1] 11
[1] 12
[1] 14
[1] 14
[1] 18
[1] 19
[1] 17
[1] 16
[1] 16
[1] 13
[1] 12
[1] 15
[1] 15
[1] 13
[1] 13
[1] 14
[1] 14
[1] 14
[1] 13
[1] 13
[1] 11
[1] 12
[1] 11
[1] 10
[1] 10
[1] 12
[1] 12
[1] 11
[1] 12
[1] 14
[1] 14
[1] 14
[1] 13
[1] 12
[1] 12
[1] 11
[1] 12
[1] 11
[1] 14
[1] 13
[1] 12
[1] 13
[1] 13
[1] 15
[1] 13
[1] 14
[1] 13
[1] 11
[1] 12
[1] 12
[1] 13
[1] 13
[1] 12
[1] 11
[1] 12
[1] 12
[1] 11
[1] 12
[1] 13
[1] 13
[1] 11
[1] 11
[1] 12
[1] 13
[1] 11
[1] 12
[1] 9
[1] 9
[1] 13
[1] 15
[1] 15
[1] 14
[1] 15
[1] 15
[1] 15
[1] 17
[1] 14
[1] 13
[1] 13
[1] 14
[1] 13
[1] 11
[1] 12
[1] 14
[1] 15
[1] 13
[1] 15
[1] 16
[1] 15
[1] 14
[1] 13
[1] 12
[1] 12
[1] 11
[1] 14
[1] 13
[1] 16
[1] 15
[1] 16
[1] 15
[1] 14
[1] 13
[1] 14
[1] 15
[1] 16
[1] 18
[1] 16
[1] 17
[1] 18
[1] 18
[1] 17
[1] 17
[1] 15
[1] 15
[1] 14
[1] 12
[1] 12
[1] 12
[1] 12
[1] 11
[1] 11
[1] 11
[1] 12
[1] 11
[1] 11
[1] 12
[1] 11
[1] 14
[1] 14
[1] 14
[1] 14
[1] 15
[1] 15
[1] 15
[1] 16
[1] 16
[1] 16
[1] 16
[1] 17
[1] 16
[1] 15
[1] 14
[1] 16
[1] 16
[1] 16
[1] 19
[1] 21
[1] 20
[1] 22
[1] 20
[1] 21
[1] 22
[1] 20
[1] 18
[1] 17
[1] 18
[1] 19
[1] 18
[1] 13
[1] 13
[1] 11
[1] 11
[1] 12
[1] 13
[1] 12
[1] 10
[1] 10
[1] 10
[1] 13
[1] 14
[1] 14
[1] 16
[1] 16
[1] 15
[1] 16
[1] 16
[1] 16
[1] 18
[1] 18
[1] 17
[1] 18
[1] 16
[1] 16
[1] 18
[1] 15
[1] 17
[1] 17
[1] 15
[1] 17
[1] 17
[1] 16
[1] 17
[1] 17
[1] 19
[1] 21
[1] 19
[1] 19
[1] 18
[1] 17
[1] 17
[1] 15
[1] 14
[1] 12
[1] 14
[1] 13
[1] 14
[1] 17
[1] 16
[1] 19
[1] 18
[1] 18
[1] 17
[1] 19
[1] 16
[1] 16
[1] 17
[1] 17
[1] 16
[1] 16
[1] 16
[1] 17
[1] 18
[1] 18
[1] 20
[1] 19
[1] 17
[1] 17
[1] 17
[1] 18
[1] 17
[1] 17
[1] 17
[1] 16
[1] 15
[1] 14
[1] 14
[1] 14
[1] 14
[1] 15
[1] 15
[1] 13
[1] 14
[1] 12
[1] 15
[1] 15
[1] 15
[1] 12
[1] 13
[1] 13
[1] 13
[1] 13
[1] 14
[1] 15
[1] 16
[1] 17
[1] 16
[1] 16
[1] 18
[1] 17
[1] 18
[1] 18
[1] 19
[1] 17
[1] 15
[1] 15
[1] 16
[1] 16
[1] 16
[1] 15
[1] 15
[1] 14
[1] 15
[1] 16
[1] 14
[1] 15
[1] 16
[1] 16
[1] 16
[1] 18
[1] 18
[1] 17
[1] 18
[1] 20
[1] 17
[1] 17
[1] 17
[1] 17
[1] 18
[1] 15
[1] 16
[1] 16
[1] 19
[1] 19
[1] 20
[1] 18
[1] 17
[1] 16
[1] 14
[1] 13
[1] 13
[1] 14
[1] 15
[1] 16
[1] 17
[1] 17
[1] 18
[1] 15
[1] 17
[1] 16
[1] 17
[1] 16
[1] 16
[1] 16
[1] 14
[1] 14
[1] 14
[1] 14
[1] 13
[1] 11
[1] 15
[1] 14
[1] 13
[1] 11
[1] 12
[1] 12
[1] 15
[1] 14
[1] 14
[1] 14
[1] 13
[1] 13
[1] 15
[1] 12
[1] 12
[1] 13
[1] 13
[1] 13
[1] 12
[1] 11
[1] 10
[1] 11
[1] 10
[1] 11
[1] 11
[1] 13
[1] 13
[1] 13
[1] 13
[1] 14
[1] 11
[1] 12
[1] 15
[1] 16
[1] 19
[1] 16
[1] 17
[1] 17
[1] 16
[1] 17
[1] 16
[1] 18
[1] 16
[1] 16
[1] 16
[1] 15
[1] 15
[1] 13
[1] 15
[1] 15
[1] 16
[1] 16
[1] 16
[1] 18
[1] 17
[1] 16
[1] 18
[1] 17
[1] 16
[1] 17
[1] 19
[1] 20
[1] 16
[1] 17
[1] 14
[1] 17
[1] 16
[1] 15
[1] 14
[1] 15
[1] 13
[1] 12
[1] 13
[1] 13
[1] 12
[1] 15
[1] 13
[1] 12
[1] 14
[1] 18
[1] 18
[1] 17
[1] 17
[1] 16
[1] 17
[1] 19
[1] 17
[1] 13
[1] 12
[1] 12
[1] 12
[1] 11
[1] 12
[1] 11
[1] 12
[1] 12
[1] 13
[1] 12
[1] 13
[1] 12
[1] 11
[1] 11
[1] 11
[1] 12
[1] 10
[1] 12
[1] 13
[1] 11
[1] 13
[1] 13
[1] 13
[1] 12
[1] 11
[1] 13
[1] 12
[1] 11
[1] 12
[1] 15
[1] 15
[1] 15
[1] 11
[1] 9
[1] 9
[1] 10
[1] 10
[1] 10
[1] 11
[1] 14
[1] 13
[1] 12
[1] 13
[1] 14
[1] 15
[1] 14
[1] 11
[1] 12
[1] 11
[1] 11
[1] 9
[1] 9
[1] 11
[1] 11
[1] 13
[1] 13
[1] 12
[1] 12
[1] 11
[1] 11
[1] 11
[1] 13
[1] 13
[1] 13
[1] 12
[1] 13
[1] 12
[1] 11
[1] 11
[1] 11
[1] 11
[1] 10
[1] 10
[1] 12
[1] 13
[1] 12
[1] 13
[1] 12
[1] 13
[1] 12
[1] 13
[1] 13
[1] 12
[1] 15
[1] 16
[1] 14
[1] 14
[1] 14
[1] 13
[1] 14
[1] 15
[1] 15
[1] 13
[1] 13
[1] 13
[1] 13
[1] 14
[1] 16
[1] 18
[1] 18
[1] 17
[1] 16
[1] 16
[1] 15
[1] 16
[1] 15
[1] 17
[1] 17
[1] 15
[1] 14
[1] 14
[1] 14
[1] 17
[1] 15
[1] 14
[1] 12
[1] 16
[1] 14
[1] 13
[1] 14
[1] 13
[1] 11
[1] 12
[1] 12
[1] 13
[1] 15
[1] 16
[1] 15
[1] 16
[1] 15
[1] 13
[1] 14
[1] 12
[1] 11
[1] 12
[1] 12
[1] 13
[1] 12
[1] 13
[1] 11
[1] 13
[1] 14
[1] 14
[1] 14
[1] 14
[1] 15
[1] 13
[1] 12
[1] 14
[1] 15
[1] 13
[1] 15
[1] 15
[1] 17
[1] 13
[1] 11
[1] 12
[1] 15
[1] 13
[1] 13
[1] 12
[1] 11
[1] 11
[1] 11
[1] 11
[1] 12
[1] 13
[1] 13
[1] 13
[1] 13
[1] 14
[1] 13
[1] 12
[1] 12
[1] 11
[1] 9
[1] 9
[1] 11
[1] 12
[1] 13
[1] 12
[1] 11
[1] 12
[1] 13
[1] 13
[1] 12
[1] 11
[1] 11
[1] 12
[1] 12
[1] 12
[1] 14
[1] 12
[1] 11
[1] 11
[1] 12
[1] 11
[1] 13
[1] 13
[1] 13
[1] 12
[1] 13
[1] 12
[1] 13
[1] 14
[1] 14
[1] 14
[1] 14
[1] 14
[1] 13
[1] 12
[1] 14
[1] 16
[1] 15
[1] 16
[1] 14
[1] 14
[1] 13
[1] 11
[1] 10
[1] 11
[1] 12
[1] 13
[1] 13
[1] 13
[1] 13
[1] 13
[1] 13
[1] 12
[1] 10
[1] 10
[1] 13
[1] 14
[1] 13
[1] 13
[1] 17
[1] 16
[1] 16
[1] 14
[1] 14
[1] 13
[1] 12
[1] 12
[1] 13
[1] 12
[1] 11
[1] 12
[1] 13
[1] 12
[1] 14
[1] 14
[1] 15
[1] 15
[1] 15
[1] 14
[1] 13
[1] 12
[1] 14
[1] 11
[1] 15
[1] 14
[1] 15
[1] 14
[1] 13
[1] 13
[1] 13
[1] 13
[1] 12
[1] 10
[1] 11
[1] 11
[1] 12
[1] 15
[1] 12
[1] 16
[1] 14
[1] 14
[1] 13
[1] 12
[1] 11
[1] 10
[1] 9
[1] 10
[1] 11
[1] 12
[1] 11
[1] 12
[1] 13
[1] 9
[1] 9
[1] 9
[1] 9
[1] 10
[1] 10
[1] 11
[1] 11
[1] 11
[1] 13
[1] 12
[1] 12
[1] 11
[1] 12
[1] 13
[1] 12
[1] 15
[1] 14
[1] 14
[1] 15
[1] 14
[1] 11
[1] 11
[1] 10
[1] 9
[1] 10
[1] 11
[1] 9
[1] 7
[1] 7
[1] 7
[1] 9
[1] 11
[1] 11
[1] 9
[1] 10
[1] 11
[1] 9
[1] 7
[1] 7
[1] 7
[1] 7
[1] 8
[1] 9
[1] 8
[1] 9
[1] 8
[1] 11
[1] 12
[1] 13
[1] 14
[1] 15
[1] 14
[1] 16
[1] 13
[1] 18
[1] 13
[1] 14
[1] 14
[1] 12
[1] 12
[1] 11
[1] 13
[1] 13
[1] 12
[1] 13
[1] 15
[1] 14
[1] 15
[1] 17
[1] 17
[1] 15
[1] 14
[1] 17
[1] 15
[1] 14
[1] 14
[1] 15
[1] 14
[1] 13
[1] 13
[1] 13
[1] 15
[1] 17
[1] 17
[1] 18
[1] 17
[1] 16
[1] 16
[1] 17
[1] 17
[1] 18
[1] 18
[1] 18
[1] 18
[1] 16
[1] 17
[1] 18
[1] 16
[1] 16
[1] 17
[1] 17
[1] 19
[1] 18
[1] 20
[1] 18
[1] 19
[1] 23
[1] 19
[1] 17
[1] 19
[1] 20
[1] 19
[1] 18
[1] 18
[1] 15
[1] 16
[1] 17
[1] 15
[1] 16
[1] 15
[1] 14
[1] 16
[1] 15
[1] 13
[1] 13
[1] 13
[1] 14
[1] 14
[1] 15
[1] 14
[1] 15
[1] 14
[1] 15
[1] 14
[1] 13
[1] 15
[1] 15
[1] 13
[1] 16
[1] 15
[1] 15
[1] 14
[1] 14
[1] 15
[1] 15
[1] 15
[1] 15
[1] 15
[1] 13
[1] 15
[1] 16
[1] 16
[1] 16
[1] 17
[1] 18
[1] 18
[1] 18
[1] 18
[1] 18
[1] 20
[1] 17
[1] 16
[1] 19
[1] 16
[1] 16
[1] 18
[1] 19
[1] 18
[1] 20
[1] 18
[1] 17
[1] 16
[1] 14
[1] 15
[1] 15
[1] 13
[1] 14
[1] 14
[1] 15
[1] 15
[1] 14
[1] 15
[1] 14
[1] 15
[1] 16
[1] 14
[1] 14
[1] 15
[1] 17
[1] 16
[1] 18
[1] 17
[1] 18
[1] 19
[1] 16
[1] 17
[1] 17
[1] 18
[1] 20
[1] 19
[1] 19
[1] 18
[1] 17
[1] 16
[1] 17
[1] 17
[1] 17
[1] 18
[1] 16
[1] 17
[1] 16
[1] 15
[1] 16
[1] 15
[1] 15
[1] 16
[1] 15
[1] 15
[1] 15
[1] 15
[1] 17
[1] 17
[1] 17
[1] 16
[1] 14
[1] 14
[1] 15
[1] 13
[1] 12
[1] 12
[1] 13
[1] 11
[1] 12
[1] 12
[1] 15
[1] 15
[1] 14
[1] 15
[1] 14
[1] 16
[1] 17
[1] 17
[1] 16
[1] 18
[1] 16
[1] 17
[1] 19
[1] 18
[1] 17
[1] 16
[1] 14
[1] 14
[1] 15
[1] 16
[1] 16
[1] 15
[1] 15
[1] 20
[1] 18
[1] 17
[1] 15
[1] 15
[1] 17
[1] 16
[1] 15
[1] 15
[1] 14
[1] 14
[1] 15
[1] 15
[1] 15
[1] 16
[1] 16
[1] 15
[1] 15
[1] 16
[1] 15
[1] 16
[1] 16
[1] 15
[1] 15
[1] 15
[1] 15
[1] 15
[1] 18
[1] 14
[1] 13
[1] 12
[1] 14
[1] 12
[1] 14
[1] 14
[1] 13
[1] 12
[1] 11
[1] 11
[1] 12
[1] 13
[1] 14
[1] 16
[1] 14
[1] 12
[1] 13
[1] 13
[1] 14
[1] 15
[1] 17
[1] 18
[1] 18
[1] 17
[1] 16
[1] 16
[1] 16
[1] 16
[1] 20
[1] 20
[1] 20
[1] 20
[1] 20
[1] 19
[1] 20
[1] 21
[1] 23
[1] 21
[1] 21
[1] 19
[1] 19
[1] 19
[1] 18
[1] 18
[1] 17
[1] 17
[1] 17
[1] 17
[1] 19
[1] 18
[1] 18
[1] 19
[1] 20
[1] 21
[1] 19
[1] 18
[1] 16
[1] 15
[1] 17
[1] 18
[1] 21
[1] 20
[1] 19
[1] 19
[1] 18
[1] 19
[1] 18
[1] 16
[1] 15
[1] 15
[1] 14
[1] 13
[1] 12
[1] 11
[1] 13
[1] 13
[1] 12
[1] 15
[1] 15
[1] 14
[1] 12
[1] 13
[1] 13
[1] 14
[1] 12
[1] 13
[1] 13
[1] 13
[1] 14
[1] 14
[1] 13
[1] 13
[1] 16
[1] 17
[1] 21
[1] 20
[1] 20
[1] 22
[1] 17
[1] 18
[1] 18
[1] 17
[1] 17
[1] 19
[1] 18
[1] 19
[1] 19
[1] 18
[1] 18
[1] 17
[1] 20
[1] 18
[1] 16
[1] 15
[1] 16
[1] 19
[1] 18
[1] 20
[1] 17
[1] 16
[1] 16
[1] 16
[1] 16
[1] 17
[1] 18
[1] 17
[1] 15
[1] 14
[1] 14
[1] 14
[1] 16
[1] 17
[1] 18
[1] 17
[1] 17
[1] 18
[1] 19
[1] 18
[1] 19
[1] 19
[1] 16
[1] 15
[1] 15
[1] 16
[1] 18
[1] 18
[1] 17
[1] 17
[1] 19
[1] 16
[1] 18
[1] 16
[1] 16
[1] 15
[1] 16
[1] 16
[1] 14
[1] 13
[1] 14
[1] 15
[1] 13
[1] 14
[1] 14
[1] 15
[1] 15
[1] 13
[1] 14
[1] 14
[1] 15
[1] 15
[1] 13
[1] 15
[1] 14
[1] 13
[1] 14
[1] 13
[1] 13
[1] 15
[1] 15
[1] 15
[1] 13
[1] 16
[1] 14
[1] 14
[1] 13
[1] 13
[1] 13
[1] 14
[1] 14
[1] 16
[1] 15
[1] 16
[1] 14
[1] 15
[1] 15
[1] 15
[1] 16
[1] 17
[1] 17
[1] 17
[1] 15
[1] 17
[1] 16
[1] 19
[1] 19
[1] 17
[1] 17
[1] 19
[1] 19
[1] 20
[1] 21
[1] 20
[1] 20
[1] 18
[1] 20
[1] 20
[1] 21
[1] 21
[1] 22
[1] 20
[1] 20
[1] 21
[1] 20
[1] 22
[1] 21
[1] 22
[1] 22
[1] 23
[1] 23
[1] 23
[1] 22
[1] 21
[1] 19
[1] 17
[1] 17
[1] 15
[1] 17
[1] 17
[1] 19
[1] 19
[1] 15
[1] 16
[1] 18
[1] 16
[1] 16
[1] 16
[1] 15
[1] 19
[1] 18
[1] 20
[1] 19
[1] 16
[1] 14
[1] 14
[1] 13
[1] 16
[1] 12
[1] 12
[1] 11
[1] 12
[1] 13
[1] 15
[1] 14
[1] 18
[1] 20
[1] 22
[1] 20
[1] 17
[1] 17
[1] 17
[1] 12
[1] 11
[1] 12
[1] 15
[1] 12
[1] 13
[1] 13
[1] 13
[1] 12
[1] 12
[1] 11
[1] 10
[1] 10
[1] 11
[1] 11
[1] 10
[1] 11
[1] 13
[1] 14
[1] 13
[1] 14
[1] 15
[1] 16
[1] 17
[1] 17
[1] 14
[1] 14
[1] 13
[1] 12
[1] 12
[1] 9
[1] 10
[1] 9
[1] 10
[1] 10
[1] 10
[1] 11
[1] 12
[1] 12
[1] 14
[1] 13
[1] 13
[1] 12
[1] 11
[1] 13
[1] 13
[1] 12
[1] 11
[1] 10
[1] 9
[1] 11
[1] 11
[1] 11
[1] 10
[1] 9
[1] 11
[1] 13
[1] 9
[1] 9
[1] 10
[1] 11
[1] 9
[1] 10
[1] 9
[1] 9
[1] 9
[1] 10
[1] 9
[1] 9
[1] 10
[1] 12
[1] 12
[1] 11
[1] 11
[1] 11
[1] 12
[1] 12
[1] 13
[1] 14
[1] 14
[1] 13
[1] 13
[1] 13
[1] 12
[1] 11
[1] 11
[1] 10
[1] 10
[1] 11
[1] 10
[1] 13
[1] 14
[1] 13
[1] 15
[1] 13
[1] 13
[1] 13
[1] 14
[1] 15
[1] 13
[1] 14
[1] 13
[1] 13
[1] 13
[1] 13
[1] 12
[1] 13
[1] 13
[1] 14
[1] 13
[1] 13
[1] 12
[1] 13
[1] 13
[1] 15
[1] 14
[1] 12
[1] 10
[1] 12
[1] 14
[1] 13
[1] 12
[1] 12
[1] 14
[1] 14
[1] 14
[1] 15
[1] 12
[1] 12
[1] 13
[1] 12
[1] 11
[1] 10
[1] 11
[1] 11
[1] 12
[1] 10
[1] 11
[1] 10
[1] 11
[1] 13
[1] 14
[1] 15
[1] 13
[1] 10
[1] 11
[1] 11
[1] 13
[1] 13
[1] 14
[1] 13
[1] 12
[1] 14
[1] 14
[1] 16
[1] 15
[1] 13
[1] 13
[1] 11
[1] 11
[1] 12
[1] 12
[1] 12
[1] 11
[1] 14
[1] 13
[1] 13
[1] 12
[1] 11
[1] 13
[1] 9
[1] 11
[1] 10
[1] 10
[1] 10
[1] 10
[1] 11
[1] 8
[1] 8
[1] 8
[1] 9
[1] 11
[1] 11
[1] 14
[1] 13
[1] 14
[1] 16
[1] 16
[1] 16
[1] 14
[1] 12
[1] 13
[1] 13
[1] 14
[1] 14
[1] 15
[1] 14
[1] 15
[1] 15
[1] 16
[1] 14
[1] 15
[1] 15
[1] 17
[1] 16
[1] 15
[1] 13
[1] 14
[1] 14
[1] 14
[1] 14
[1] 15
[1] 15
[1] 16
[1] 17
[1] 15
[1] 16
[1] 17
[1] 18
[1] 19
[1] 17
[1] 17
[1] 18
[1] 19
[1] 16
[1] 16
[1] 15
[1] 17
[1] 14
[1] 13
[1] 14
[1] 15
[1] 15
[1] 14
[1] 16
[1] 13
[1] 16
[1] 14
[1] 13
[1] 14
[1] 15
[1] 14
[1] 14
[1] 15
[1] 12
[1] 14
[1] 14
[1] 14
[1] 13
[1] 14
[1] 13
[1] 14
[1] 14
[1] 13
[1] 13
[1] 12
[1] 13
[1] 13
[1] 13
[1] 14
[1] 14
[1] 15
[1] 17
[1] 18
[1] 19
[1] 21
[1] 20
[1] 18
[1] 19
[1] 18
[1] 20
[1] 19
[1] 20
[1] 22
[1] 21
[1] 19
[1] 22
[1] 21
[1] 22
[1] 20
[1] 21
[1] 18
[1] 19
[1] 19
[1] 18
[1] 15
[1] 16
[1] 17
[1] 15
[1] 14
[1] 15
[1] 15
[1] 15
[1] 16
[1] 17
[1] 16
[1] 18
[1] 21
[1] 22
[1] 20
[1] 16
[1] 17
[1] 18
[1] 15
[1] 15
[1] 16
[1] 17
[1] 16
[1] 16
[1] 16
[1] 14
[1] 14
[1] 13
[1] 14
[1] 15
[1] 15
[1] 15
[1] 18
[1] 16
[1] 14
[1] 14
[1] 14
[1] 15
[1] 15
[1] 17
[1] 19
[1] 16
[1] 17
[1] 16
[1] 19
[1] 20
[1] 19
[1] 18
[1] 19
[1] 17
[1] 15
[1] 17
[1] 17
[1] 17
[1] 17
[1] 18
[1] 14
[1] 14
[1] 17
[1] 15
[1] 15
[1] 17
[1] 14
[1] 14
[1] 14
[1] 16
[1] 14
[1] 15
[1] 14
[1] 13
[1] 11
[1] 10
[1] 10
[1] 10
[1] 10
[1] 10
[1] 10
[1] 10
[1] 10
[1] 10
[1] 11
[1] 12
[1] 13
[1] 11
[1] 13
[1] 12
[1] 14
[1] 12
[1] 11
[1] 11
[1] 11
[1] 10
[1] 10
[1] 11
[1] 13
[1] 15
[1] 14
[1] 13
[1] 13
[1] 14
[1] 14
[1] 16
[1] 17
[1] 14
[1] 13
[1] 11
[1] 13
[1] 14
[1] 12
[1] 13
[1] 12
[1] 11
[1] 10
[1] 11
[1] 12
[1] 14
[1] 16
[1] 14
[1] 16
[1] 15
[1] 13
[1] 15
[1] 13
[1] 13
[1] 12
[1] 12
[1] 12
[1] 12
[1] 12
[1] 11
[1] 11
[1] 11
[1] 13
[1] 14
[1] 13
[1] 12
[1] 11
[1] 10
[1] 9
[1] 12
[1] 11
[1] 11
[1] 11
[1] 10
[1] 9
[1] 10
[1] 10
[1] 11
[1] 12
[1] 12
[1] 10
[1] 11
[1] 11
[1] 11
[1] 12
[1] 13
[1] 13
[1] 12
[1] 14
[1] 12
[1] 12
[1] 12
[1] 11
[1] 13
[1] 12
[1] 14
[1] 14
[1] 14
[1] 14
[1] 13
[1] 14
[1] 15
[1] 15
[1] 17
[1] 16
[1] 15
[1] 15
[1] 15
[1] 15
[1] 13
[1] 11
[1] 10
[1] 14
[1] 14
[1] 16
[1] 15
[1] 18
[1] 18
[1] 15
[1] 15
[1] 11
[1] 14
[1] 13
[1] 13
[1] 12
[1] 12
[1] 10
[1] 10
[1] 10
[1] 10
[1] 11
[1] 10
[1] 9
[1] 10
[1] 13
[1] 13
[1] 14
[1] 12
[1] 12
[1] 12
[1] 15
[1] 17
[1] 18
[1] 17
[1] 15
[1] 17
[1] 14
[1] 11
[1] 12
[1] 12
[1] 13
[1] 12
[1] 11
[1] 13
[1] 12
[1] 14
[1] 12
[1] 12
[1] 10
[1] 12
[1] 14
[1] 13
[1] 12
[1] 12
[1] 9
[1] 9
[1] 9
[1] 11
[1] 12
[1] 12
[1] 11
[1] 8
[1] 11
[1] 13
[1] 14
[1] 14
[1] 13
[1] 14
[1] 12
[1] 11
[1] 11
[1] 14
[1] 12
[1] 13
[1] 14
[1] 13
[1] 17
[1] 17
[1] 18
[1] 14
[1] 10
[1] 10
[1] 12
[1] 11
[1] 10
[1] 11
[1] 10
[1] 10
[1] 10
[1] 11
[1] 11
[1] 11
[1] 13
[1] 12
[1] 11
[1] 11
[1] 13
[1] 14
[1] 14
[1] 16
[1] 13
[1] 13
[1] 14
[1] 15
[1] 15
[1] 17
[1] 16
[1] 16
[1] 17
[1] 19
[1] 19
[1] 16
[1] 17
[1] 14
[1] 13
[1] 14
[1] 14
[1] 15
[1] 13
[1] 12
[1] 11
[1] 10
[1] 10
[1] 10
[1] 12
[1] 11
[1] 10
[1] 8
[1] 7
[1] 6
[1] 6
[1] 7
[1] 8
[1] 8
[1] 10
[1] 9
[1] 8
[1] 10
[1] 9
[1] 8
[1] 12
[1] 11
[1] 11
[1] 11
[1] 10
[1] 10
[1] 11
[1] 12
[1] 12
[1] 13
[1] 10
[1] 10
[1] 12
[1] 14
[1] 14
[1] 13
[1] 13
[1] 13
[1] 16
[1] 18
[1] 17
[1] 15
[1] 13
[1] 10
[1] 12
[1] 12
[1] 11
[1] 12
[1] 11
[1] 11
[1] 12
[1] 12
[1] 12
[1] 12
[1] 11
[1] 13
[1] 13
[1] 11
[1] 12
[1] 12
[1] 13
[1] 16
[1] 15
[1] 16
[1] 12
[1] 12
[1] 12
[1] 12
[1] 12
[1] 14
[1] 15
[1] 15
[1] 14
[1] 15
[1] 16
[1] 15
[1] 13
[1] 11
[1] 12
[1] 12
[1] 11
[1] 11
[1] 11
[1] 8
[1] 10
[1] 11
[1] 11
[1] 12
[1] 14
[1] 15
[1] 14
[1] 14
[1] 14
[1] 14
[1] 13
[1] 11
[1] 11
[1] 13
[1] 11
[1] 10
[1] 9
[1] 9
[1] 10
[1] 11
[1] 9
[1] 11
[1] 10
[1] 9
[1] 9
[1] 9
[1] 10
[1] 10
[1] 13
[1] 12
[1] 14
[1] 14
[1] 12
[1] 10
[1] 10
[1] 9
[1] 11
[1] 12
[1] 12
[1] 14
[1] 13
[1] 13
[1] 14
[1] 15
[1] 13
[1] 14
[1] 14
[1] 13
[1] 14
[1] 13
[1] 14
[1] 13
[1] 14
[1] 15
[1] 14
[1] 14
[1] 15
[1] 16
[1] 14
[1] 15
[1] 17
[1] 14
[1] 12
[1] 16
[1] 15
[1] 17
[1] 15
[1] 15
[1] 15
[1] 16
[1] 16
[1] 16
[1] 14
[1] 14
[1] 13
[1] 13
[1] 14
[1] 15
[1] 14
[1] 13
[1] 12
[1] 11
[1] 13
[1] 13
[1] 14
[1] 13
[1] 14
[1] 14
[1] 13
[1] 13
[1] 14
[1] 16
[1] 17
[1] 17
[1] 17
[1] 15
[1] 13
[1] 13
[1] 14
[1] 16
[1] 17
[1] 16
[1] 16
[1] 16
[1] 14
[1] 14
[1] 13
[1] 13
[1] 16
[1] 16
[1] 16
[1] 16
[1] 18
[1] 16
[1] 16
[1] 18
[1] 16
[1] 16
[1] 15
[1] 15
[1] 15
[1] 15
[1] 15
[1] 14
[1] 15
[1] 14
[1] 16
[1] 14
[1] 14
[1] 14
[1] 13
[1] 14
[1] 15
[1] 15
[1] 15
[1] 13
[1] 16
[1] 15
[1] 15
[1] 17
[1] 15
[1] 13
[1] 15
[1] 16
[1] 19
[1] 20
[1] 20
[1] 20
[1] 19
[1] 19
[1] 19
[1] 21
[1] 21
[1] 22
[1] 25
[1] 25
[1] 27
[1] 24
[1] 22
[1] 21
[1] 20
[1] 20
[1] 19
[1] 16
[1] 16
[1] 16
[1] 17
[1] 16
[1] 16
[1] 16
[1] 16
[1] 16
[1] 16
[1] 16
[1] 17
[1] 16
[1] 16
[1] 18
[1] 16
[1] 17
[1] 16
[1] 16
[1] 19
[1] 18
[1] 17
[1] 20
[1] 20
[1] 21
[1] 21
[1] 19
[1] 16
[1] 17
[1] 18
[1] 17
[1] 15
[1] 15
[1] 16
[1] 17
[1] 18
[1] 20
[1] 20
[1] 19
[1] 20
[1] 21
[1] 22
[1] 22
[1] 21
[1] 20
[1] 21
[1] 21
[1] 19
[1] 19
[1] 20
[1] 20
[1] 18
[1] 18
[1] 18
[1] 21
[1] 17
[1] 16
[1] 14
[1] 13
[1] 13
[1] 13
[1] 15
[1] 16
[1] 16
[1] 18
[1] 18
[1] 19
[1] 19
[1] 17
[1] 16
[1] 15
[1] 17
[1] 15
[1] 17
[1] 17
[1] 17
[1] 17
[1] 17
[1] 19
[1] 19
[1] 18
[1] 18
[1] 18
[1] 18
[1] 15
[1] 15
[1] 15
[1] 15
[1] 15
[1] 16
[1] 16
[1] 16
[1] 15
[1] 16
[1] 15
[1] 15
[1] 16
[1] 16
[1] 16
[1] 16
[1] 16
[1] 16
[1] 16
[1] 16
[1] 19
[1] 19
[1] 17
[1] 16
[1] 18
[1] 17
[1] 17
[1] 16
[1] 16
[1] 17
[1] 17
[1] 18
[1] 18
[1] 18
[1] 17
[1] 19
[1] 19
[1] 21
[1] 19
[1] 18
[1] 18
[1] 18
[1] 16
[1] 16
[1] 16
[1] 16
[1] 16
[1] 17
[1] 15
[1] 16
[1] 16
[1] 16
[1] 16
[1] 17
[1] 17
[1] 19
[1] 18
[1] 18
[1] 19
[1] 20
[1] 20
[1] 20
[1] 19
[1] 16
[1] 17
[1] 16
[1] 18
[1] 21
[1] 21
[1] 19
[1] 17
[1] 19
[1] 17
[1] 16
[1] 15
[1] 14
[1] 13
[1] 12
[1] 13
[1] 11
[1] 13
[1] 13
[1] 13
[1] 13
[1] 12
[1] 12
[1] 11
[1] 12
[1] 14
[1] 13
[1] 13
[1] 14
[1] 12
[1] 13
[1] 11
[1] 12
[1] 13
[1] 14
[1] 14
[1] 11
[1] 11
[1] 12
[1] 13
[1] 15
[1] 11
[1] 12
[1] 12
[1] 11
[1] 11
[1] 12
[1] 12
[1] 13
[1] 14
[1] 13
[1] 12
[1] 11
[1] 12
[1] 12
[1] 12
[1] 10
[1] 9
[1] 9
[1] 9
[1] 11
[1] 11
[1] 13
[1] 14
[1] 14
[1] 12
[1] 8
[1] 9
[1] 7
[1] 6
[1] 7
[1] 7
[1] 7
[1] 8
[1] 9
[1] 9
[1] 10
[1] 9
[1] 10
[1] 10
[1] 9
[1] 9
[1] 9
[1] 12
[1] 13
[1] 13
[1] 12
[1] 11
[1] 12
[1] 12
[1] 14
[1] 14
[1] 15
[1] 17
[1] 14
[1] 14
[1] 14
[1] 14
[1] 16
[1] 18
[1] 16
[1] 17
[1] 16
[1] 19
[1] 17
[1] 17
[1] 16
[1] 16
[1] 16
[1] 16
[1] 18
[1] 20
[1] 19
[1] 18
[1] 18
[1] 18
[1] 19
[1] 19
[1] 18
[1] 16
[1] 15
[1] 14
[1] 14
[1] 15
[1] 16
[1] 15
[1] 14
[1] 15
[1] 15
[1] 15
[1] 14
[1] 17
[1] 15
[1] 15
[1] 17
[1] 17
[1] 19
[1] 20
[1] 16
[1] 14
[1] 14
[1] 15
[1] 14
[1] 14
[1] 12
[1] 13
[1] 11
[1] 11
[1] 11
[1] 12
[1] 14
[1] 14
[1] 13
[1] 13
[1] 13
[1] 13
[1] 14
[1] 12
[1] 11
[1] 12
[1] 15
[1] 15
[1] 13
[1] 11
[1] 12
[1] 10
[1] 11
[1] 11
[1] 12
[1] 15
[1] 15
[1] 14
[1] 13
[1] 13
[1] 15
[1] 15
[1] 15
[1] 16
[1] 15
[1] 17
[1] 17
[1] 13
[1] 13
[1] 12
[1] 13
[1] 13
[1] 12
[1] 12
[1] 12
[1] 12
[1] 11
[1] 13
[1] 13
[1] 13
[1] 12
[1] 13
[1] 14
[1] 16
[1] 17
[1] 16
[1] 14
[1] 13
[1] 12
[1] 13
[1] 12
[1] 14
[1] 17
[1] 16
[1] 14
[1] 11
[1] 11
[1] 10
[1] 12
[1] 13
[1] 13
[1] 14
[1] 14
[1] 13
[1] 12
[1] 14
[1] 12
[1] 12
[1] 14
[1] 12
[1] 13
[1] 13
[1] 13
[1] 13
[1] 12
[1] 12
[1] 11
[1] 11
[1] 11
[1] 11
[1] 13
[1] 13
[1] 16
[1] 15
[1] 15
[1] 12
[1] 13
[1] 13
[1] 13
[1] 14
[1] 13
[1] 15
[1] 15
[1] 15
[1] 14
[1] 14
[1] 12
[1] 13
[1] 13
[1] 13
[1] 14
[1] 13
[1] 12
[1] 14
[1] 12
[1] 11
[1] 11
[1] 12
[1] 13
[1] 11
[1] 10
[1] 11
[1] 10
[1] 11
[1] 12
[1] 12
[1] 14
[1] 14
[1] 13
[1] 13
[1] 15
[1] 15
[1] 13
[1] 15
[1] 15
[1] 14
[1] 16
[1] 15
[1] 12
[1] 14
[1] 13
[1] 12
[1] 12
[1] 14
[1] 15
[1] 14
[1] 15
[1] 12
[1] 11
[1] 13
[1] 11
[1] 17
[1] 17
[1] 14
[1] 15
[1] 15
[1] 14
[1] 15
[1] 17
[1] 15
[1] 14
[1] 16
[1] 14
[1] 14
[1] 15
[1] 15
[1] 15
[1] 14
[1] 12
[1] 14
[1] 14
[1] 19
[1] 20
[1] 16
[1] 14
[1] 15
[1] 15
[1] 14
[1] 16
[1] 16
[1] 16
[1] 16
[1] 14
[1] 13
[1] 13
[1] 12
[1] 14
[1] 16
[1] 16
[1] 17
[1] 19
[1] 16
[1] 17
[1] 16
[1] 16
[1] 18
[1] 19
[1] 17
[1] 16
[1] 16
[1] 18
[1] 18
[1] 18
[1] 17
[1] 17
[1] 17
[1] 19
[1] 20
[1] 20
[1] 18
[1] 17
[1] 19
[1] 19
[1] 19
[1] 16
[1] 15
[1] 17
[1] 18
[1] 18
[1] 17
[1] 17
[1] 16
[1] 15
[1] 16
[1] 16
[1] 17
[1] 16
[1] 17
[1] 16
[1] 16
[1] 19
[1] 20
[1] 21
[1] 20
[1] 22
[1] 23
[1] 26
[1] 27
[1] 26
[1] 24
[1] 23
[1] 22
[1] 23
[1] 21
[1] 22
[1] 22
[1] 22
[1] 23
[1] 21
[1] 19
[1] 21
[1] 20
[1] 22
[1] 20
[1] 23
[1] 22
[1] 19
[1] 19
[1] 21
[1] 18
[1] 18
[1] 18
[1] 21
[1] 20
[1] 18
[1] 18
[1] 16
[1] 18
[1] 18
[1] 16
[1] 18
[1] 18
[1] 20
[1] 19
[1] 19
[1] 20
[1] 20
[1] 19
[1] 17
[1] 18
[1] 17
[1] 18
[1] 16
[1] 16
[1] 17
[1] 18
[1] 18
[1] 17
[1] 18
[1] 17
[1] 14
[1] 15
[1] 15
[1] 15
[1] 13
[1] 14
[1] 16
[1] 16
[1] 16
[1] 16
[1] 17
[1] 14
[1] 14
[1] 13
[1] 14
[1] 14
[1] 13
[1] 15
[1] 15
[1] 15
[1] 15
[1] 12
[1] 14
[1] 13
[1] 15
[1] 16
[1] 15
[1] 17
[1] 16
[1] 16
[1] 16
[1] 16
[1] 16
[1] 15
[1] 14
[1] 13
[1] 13
[1] 14
[1] 14
[1] 12
[1] 12
[1] 12
[1] 14
[1] 15
[1] 12
[1] 12
[1] 12
[1] 11
[1] 11
[1] 10
[1] 9
[1] 10
[1] 11
[1] 11
[1] 11
[1] 14
[1] 14
[1] 14
[1] 15
[1] 14
[1] 12
[1] 14
[1] 14
[1] 14
> 
R has finished running

============================================

        Job resource usage summary 

                 Memory (GB)    NCPUs
 Requested  :         1             1
 Used       :         0 (peak)   0.98 (ave)

============================================
